4599.9
4474.79
4542.19
4634.69
4573.3
4594.45
4566.09
4608
4576.99
4511.27
4564.23
4577.85
4605.41
4620.44
4626.68
4641.68
4602.89
4560.48
4607.4
4598.74
4618.9
4587.6
4630.56
4616.35
4642.84
4596.87
4615.79
4598.13
4625.91
4581.63
4607.65
4623.61
4621.75
4595.5
4616.44
4625.08
4564.92
4622.08
4608.73
4590.21
4606.69
4604.23
4619.48
4597.64
4613.46
4598.27
4613.91
4604.24
4598.82
4589.04
4576.77
4571.89
4555.4
4600.56
4549.49
4579.52
4621.64
4606.39
4612.53
4599.83
4533.22
4573.67
4612.18
4603.12
4548.31
4635.95
4616.8
4629.35
4645.38
4606.17
4646.8
4647.42
4646.54
4519.8
4622.32
4550.82
4578.09
4610.27
4642.35
4622.11
4588.16
4485.18
4558.25
4342.44
4582.53
4605.02
4619.67
4593.91
4527.15
4539.02
4512.67
4600.61
4621.69
4574.33
4575.48
4607.05
4546.09
4609.2
4554.59
4582.99
