4796.15
4796.15
4796.15
4796.15
4796.15
4796.15
4796.15
4796.15
4796.15
4796.15
4796.15
4796.15
4796.15
4796.15
4796.15
4796.15
4796.23
4796.54
4796.54
4796.54
4796.54
4796.54
4796.54
4796.52
4796.49
4796.49
4796.49
4796.54
4796.58
4796.58
4796.58
4796.59
4796.59
4796.59
4796.59
4796.59
4796.58
4796.58
4796.58
4796.58
4796.58
4796.58
4796.58
4796.58
4796.58
4796.58
4796.58
4796.58
4796.58
4796.58
4796.58
4796.58
4796.58
4796.58
4796.41
4796.41
4796.41
4796.41
4796.41
4796.41
4796.41
4796.41
4796.41
4796.41
4796.41
4796.52
4796.52
4796.52
4796.52
4796.52
4796.52
4796.52
4796.52
4796.52
4796.52
4796.24
4796.24
4796.35
4796.51
4796.48
4796.46
4796.46
4796.46
4796.46
4796.46
4796.46
4796.46
4796.46
4796.46
4796.47
4796.47
4796.47
4796.47
4796.47
4796.47
4796.47
4796.47
4796.47
4796.47
4796.47
