39.6422
39.6422
39.6422
39.6422
39.6422
39.6422
39.6422
39.6422
39.6422
39.6422
39.6422
39.6422
39.6422
39.6422
39.6422
39.6422
39.6422
39.6422
39.6422
39.6422
39.6422
39.6422
39.6422
39.6422
39.6422
39.6422
39.6422
39.6422
39.6422
39.6422
39.6422
39.6422
39.6422
39.6422
39.6422
39.6422
39.6422
39.6422
39.6422
39.6422
39.6422
39.6422
39.6422
39.6422
39.6422
39.6422
39.6422
39.6422
39.6422
39.6422
39.6422
39.6422
39.6422
39.6422
39.6422
39.6422
39.6422
39.6422
39.6422
39.6422
39.6422
39.6422
39.6422
39.6422
39.6422
39.6422
39.6422
39.6422
39.6422
39.6422
39.6422
39.6422
39.6422
39.6422
39.6422
39.6422
39.6422
39.6422
39.6422
39.6422
39.6422
39.6422
39.6422
39.6422
39.6422
39.6422
39.6422
39.6422
39.6422
39.6422
39.6422
39.6422
39.6422
39.6422
39.6422
39.6422
39.6422
39.6422
39.6422
39.6422
39.6422
39.6422
39.6422
39.6422
39.6422
39.6421
39.642
39.6416
39.6409
39.64
39.6391
39.6387
39.6386
39.6386
39.6385
39.6385
39.6385
39.6385
39.6385
39.6385
39.6385
39.6385
39.6379
39.6769
39.6841
39.6909
39.6909
39.6909
39.6909
39.6909
39.6909
39.6909
39.6909
39.6909
39.6909
39.6909
39.6909
39.6909
39.6909
39.6909
39.6909
39.6909
39.6909
39.6909
39.6909
39.6909
39.6909
39.6909
39.6909
39.6909
39.6909
39.6909
39.6909
39.6909
39.6909
39.6909
39.6909
39.6909
39.6909
39.6909
39.6909
39.6909
39.6909
39.6909
39.6909
39.6909
39.6909
39.6909
39.6909
39.6909
39.6909
39.6909
39.6909
39.6909
39.6909
39.6909
39.6909
39.6909
39.6909
39.6909
39.6909
39.6909
39.6909
39.6909
39.6909
39.6909
39.6909
39.6909
39.6909
39.6909
39.6909
39.6909
39.6909
39.6909
39.6909
39.6909
39.6909
39.6909
39.6909
39.6909
39.6909
39.6909
39.6909
39.6909
39.6909
39.6909
39.6909
39.6909
39.6909
39.6909
39.6909
39.6909
39.6909
39.6909
39.6909
39.6909
39.6909
39.6909
39.6909
39.6909
39.6909
39.6909
39.6909
39.6909
39.6909
39.6909
39.6909
39.6909
39.6909
39.6909
39.6909
39.6909
39.6909
39.6909
39.6909
39.6909
39.6909
39.6909
39.6909
39.6909
39.6909
39.6909
39.6909
39.6909
39.6909
39.6909
39.6909
39.6909
39.6909
39.6909
39.6909
39.6909
39.6909
39.6909
39.6909
39.6909
39.6909
39.6909
39.6909
39.6909
39.6909
39.6909
39.6909
39.6909
39.6909
39.6909
39.6909
39.6909
39.6909
39.6909
39.6909
39.6909
39.6909
39.6909
39.6909
39.6909
39.6909
39.6909
39.6909
39.6909
39.6909
39.6909
39.6909
39.6909
39.6909
39.6909
39.6909
39.6909
39.6909
39.6909
39.6909
39.6909
39.6909
39.6909
39.6909
39.6909
39.6909
39.6909
39.6909
39.6909
39.6909
39.6909
39.6909
39.6909
39.6909
39.6909
39.6909
39.6909
39.6909
39.6909
39.6909
39.6909
39.6909
39.6909
39.6909
39.6909
39.6909
39.6909
39.6909
39.6909
39.6909
39.6909
39.6909
39.6909
39.6909
39.6909
39.6909
39.6909
39.6909
39.6909
39.6905
39.6902
39.6903
39.6904
39.6904
39.6904
39.6904
39.6904
39.6904
39.6904
39.6904
39.6904
39.6904
39.6904
39.6904
39.6904
39.6904
39.6904
39.6904
39.6904
39.6904
39.6904
39.6904
39.6904
39.6904
39.6904
39.6904
39.6904
39.6904
39.6904
39.6904
39.6904
39.6904
39.6904
39.6904
39.6904
39.6904
39.6904
39.6904
39.6904
39.6904
39.6904
39.6904
39.6904
39.6904
39.6904
39.6904
39.6904
39.6904
39.6904
39.6904
39.6904
39.6904
39.6904
39.6904
39.6904
39.6904
39.6904
39.6904
39.6904
39.6904
39.6904
39.6904
39.6904
39.6904
39.6904
39.6904
39.6904
39.6904
39.6904
39.6904
39.6904
39.6904
39.6904
39.6904
39.6904
39.6904
39.6904
39.6904
39.6904
39.6904
39.6904
39.6904
39.6904
39.6904
39.6904
39.6904
39.6904
39.6904
39.6904
39.6904
39.6904
39.6904
39.6904
39.6904
39.6904
39.6904
39.6904
39.6904
39.6904
39.6904
39.6904
39.6904
39.6904
39.6904
39.6904
39.6904
39.6904
39.6904
39.6904
39.6904
39.6904
39.6904
39.6904
39.6904
39.6904
39.6904
39.6904
39.6904
39.6904
39.6904
39.6904
39.6904
39.6904
39.6904
39.6904
39.6904
39.6904
39.6904
39.6904
39.6904
39.6904
39.6904
39.6904
39.6904
39.6904
39.6904
39.6904
39.6904
39.6904
39.6904
39.6904
39.6904
39.6904
39.6904
39.6904
39.6904
39.6904
39.6904
39.6904
39.6904
39.6904
39.6899
39.7255
39.7883
39.7883
39.7883
39.7883
39.7883
39.7883
39.7883
39.7883
39.7883
39.7883
39.7883
39.7883
39.7883
39.7883
39.7883
39.7883
39.7883
39.7883
39.7883
39.7883
39.7883
39.7883
39.7883
39.7883
39.7883
39.7883
39.7883
39.7883
39.7883
39.7883
39.7883
39.7883
39.7883
39.7883
39.7883
39.7883
39.7883
39.7883
39.7883
39.7883
39.7883
39.7883
39.7883
39.7883
39.7883
39.7883
39.7883
39.7883
39.7883
39.7883
39.7883
39.7883
39.7883
39.7883
39.7882
40.7149
41.7122
41.7122
41.7122
41.7122
41.7122
41.7122
41.7122
41.7122
41.7122
41.7122
41.7122
41.7122
41.7122
41.7122
41.7122
41.7122
41.7122
41.7122
41.7122
41.7122
41.7122
41.7122
41.7122
41.7122
41.7122
41.7122
41.7122
41.7122
41.7122
41.7122
41.7122
41.7122
41.7122
41.7122
41.7122
41.7122
41.7122
41.7122
41.7122
41.7122
41.7122
41.7122
41.7122
41.7122
41.7122
41.7122
41.7122
41.7122
41.7122
41.7122
41.7122
41.7122
41.7122
41.7122
41.7122
41.7122
41.7122
41.7122
41.7122
41.7122
41.7122
41.7122
41.7122
41.7122
41.7122
41.7122
41.7122
41.7122
41.7122
41.7122
41.7122
41.7122
41.7122
41.7122
41.7122
41.7122
41.7122
41.7122
41.7122
41.7122
41.7122
41.7122
41.7122
41.7122
41.7122
41.7122
41.7122
41.7122
41.7122
41.7122
41.7122
41.7122
41.7122
41.7122
41.7122
41.7122
41.7122
41.7122
41.7122
41.7122
41.7122
41.7122
41.7122
41.7122
41.7122
41.7122
41.7122
41.7122
41.7122
41.7122
41.7122
41.7122
41.7122
41.7122
41.7122
41.7122
41.7122
41.7122
41.7122
41.7122
41.7122
41.7122
41.7122
41.7122
41.7122
41.7122
41.7122
41.7122
41.7122
41.7122
41.7122
41.7122
41.7122
41.7122
41.7122
41.7122
41.7122
41.7122
41.7122
41.7122
41.7122
41.7122
41.7122
41.7122
41.7122
41.7121
41.7121
41.7121
41.7121
41.7121
41.7121
41.7121
41.7121
41.7121
41.7121
41.7121
41.7121
41.7121
41.7121
41.7121
41.7121
41.7121
41.7121
41.7121
41.7121
41.7121
41.7121
41.7121
41.7121
41.7121
41.7121
41.7121
41.7121
41.7121
41.7121
41.7121
41.7121
41.7121
41.7121
41.7121
41.7121
41.7121
41.7121
41.7121
41.7121
41.7121
41.7121
41.7121
41.7121
41.7121
41.7121
41.7121
41.7121
41.7121
41.7121
41.7121
41.7121
41.7121
41.7121
41.7121
41.7121
41.7121
41.7121
41.7121
41.7121
41.7121
41.7121
41.7121
41.7121
41.7121
41.7121
41.7121
41.7121
41.7121
41.7121
41.7121
41.7121
41.7121
41.7121
41.7121
41.7121
41.7121
41.7121
41.7121
41.7121
41.7121
41.7121
41.7122
41.7122
41.712
41.712
41.7121
41.7121
41.7121
41.7121
41.7121
41.7121
41.7121
41.7121
41.7121
41.7121
41.7121
41.7121
41.7121
41.7121
41.7121
41.7121
41.7121
41.7121
41.7121
41.7121
41.7121
41.7121
41.7121
41.7121
41.7121
41.7121
41.7121
41.7121
41.7121
41.7121
41.7121
41.7121
41.7121
41.7121
41.7121
41.7121
41.7121
41.7121
41.7121
41.7121
41.7121
41.7121
41.7121
41.7121
41.7121
41.7121
41.7121
41.7121
41.7121
41.7121
41.7121
41.7121
41.7121
41.7121
41.712
41.7119
41.7119
41.712
41.7121
41.7121
41.7121
41.7121
41.7121
41.7121
41.7121
41.7121
41.7121
41.7121
41.7121
41.7121
41.7121
41.7121
41.7121
41.7121
41.7121
41.7121
41.7121
41.7121
41.7121
41.7121
41.7121
41.7121
41.7121
41.7121
41.7121
41.7121
41.7121
41.7121
41.7121
41.7121
41.7121
41.7121
41.7121
41.7121
41.7121
41.7121
41.7121
41.7121
41.7121
41.7121
41.7121
41.7121
41.7121
41.7121
41.7121
41.7121
41.7121
41.7121
41.7121
41.7121
41.7121
41.7121
41.7121
41.7121
41.7121
41.7121
41.7121
41.7121
41.7121
41.712
41.7116
41.7115
41.7115
41.7115
41.7115
41.7115
41.7115
41.7115
41.7115
41.7115
41.7114
41.7114
41.7114
41.7114
41.7114
41.7114
41.7114
41.7114
41.7114
41.7114
41.7114
41.7114
41.7114
41.7114
41.7114
41.7114
41.7114
41.7114
41.7114
41.7114
41.7114
41.7114
41.7114
41.7114
41.7114
41.7114
41.7114
41.7114
41.7114
41.7114
41.7114
41.7114
41.7114
41.7114
41.7114
41.7114
41.7114
41.7114
41.7114
41.7114
41.7114
41.7114
41.7114
41.7114
41.7114
41.7114
41.7114
41.7114
41.7114
41.7114
41.7114
41.7114
41.7114
41.7114
41.7114
41.7114
41.7114
41.7114
41.7114
41.7114
41.7114
41.7114
41.7114
41.7114
41.7114
41.7114
41.7114
41.7114
41.7114
41.7114
41.7114
41.7114
41.7114
41.7114
41.7114
41.7114
41.7114
41.7114
41.7114
41.7114
41.7114
41.7114
41.7114
41.7114
41.7114
41.7114
41.7114
41.7114
41.7114
41.7114
41.7114
41.7114
41.7114
41.7114
41.7114
41.7114
41.7114
41.7114
41.7114
