Initial positions:
56.8682, 58.9542, 46.9809
51.3606, 2.32273, 29.3677
33.3464, 34.3926, 31.4043
53.8392, 14.7187, 26.4202
43.9395, 52.374, 31.1516
29.1457, 49.242, 22.7468
29.5608, 31.8387, 7.31216
46.5004, 18.1782, 52.1155
23.9302, 51.4419, 16.7078
53.7917, 57.1255, 13.3162
10.9172, 23.0188, 5.50794
18.1153, 22.1264, 54.8761
19.8346, 55.8737, 3.00444
35.3989, 51.0471, 20.6472
58.2586, 42.2064, 26.4369
10.541, 14.5588, 38.24
19.7238, 53.1567, 43.4468
13.8542, 0.231376, 57.5047
43.1343, 4.78722, 20.7959
55.4219, 33.8303, 54.4735
26.9228, 20.3861, 49.2125
13.4207, 33.9614, 55.2374
30.1246, 8.73088, 0.333388
5.40977, 10.8887, 6.18963
63.3583, 52.7934, 54.8415
31.8496, 53.8397, 5.73509
35.3018, 47.9844, 29.4224
12.9225, 12.6293, 39.3648
38.0938, 41.233, 8.55934
38.709, 0.59883, 56.0044
46.0453, 54.3975, 0.81921
53.0768, 18.2311, 49.4521
54.8784, 37.7008, 8.84736
47.4888, 20.5481, 40.645
47.8445, 13.0244, 58.689
15.9975, 36.7175, 44.0841
57.1183, 55.3585, 50.7006
41.7711, 57.6383, 8.0808
34.7102, 33.6477, 39.2423
20.354, 12.2347, 25.378
8.24799, 27.7866, 32.483
45.3196, 44.9202, 54.5921
25.588, 11.653, 2.93149
9.76581, 35.3222, 25.0564
21.9065, 44.2497, 63.2964
0.646693, 28.5666, 38.8975
39.7779, 47.8062, 49.7687
14.275, 52.4007, 37.0782
35.6764, 56.8372, 3.33623
40.4093, 43.8205, 22.993
50.6593, 15.6179, 35.8659
26.237, 28.8521, 37.7919
46.7558, 17.2453, 23.4254
2.27697, 60.1656, 7.9508
12.4293, 8.66592, 1.6092
19.6456, 63.1072, 54.7942
60.7846, 26.7991, 22.2294
63.1177, 17.8706, 4.83935
28.3699, 17.2913, 24.0824
52.8692, 13.6583, 52.8816
33.7652, 47.6758, 21.5315
2.95822, 4.15433, 37.3484
16.6729, 50.3031, 28.1793
7.99703, 23.1669, 51.3817
55.5452, 35.2556, 7.65562
18.7617, 2.50264, 34.7409
52.2453, 16.2414, 31.5167
25.0124, 24.2988, 40.0717
15.7753, 39.9971, 10.6068
41.6248, 27.9065, 26.1206
34.3268, 0.766251, 53.2861
62.7504, 2.29006, 33.2698
17.6872, 53.6241, 53.3186
13.915, 18.751, 20.5713
18.4938, 35.7627, 24.1457
16.0726, 50.5795, 38.3697
23.2584, 24.5222, 5.49912
2.62434, 58.6102, 17.3842
46.7991, 38.2288, 17.2366
54.4871, 18.2945, 49.835
31.3367, 58.1225, 57.5417
45.5864, 57.2243, 23.7069
9.4689, 49.1897, 57.1772
17.9526, 23.1934, 39.8127
57.0255, 62.8622, 13.6512
58.9944, 22.8655, 36.7155
34.8949, 5.64074, 39.9265
3.0503, 47.2982, 23.2333
42.3267, 45.4099, 34.5442
36.817, 21.1475, 40.7254
38.3763, 6.01771, 61.1572
36.5657, 63.4994, 51.3216
53.8336, 3.59424, 46.7469
19.6488, 5.7503, 20.6586
26.2829, 58.8312, 41.1603
37.6468, 7.14001, 57.1889
49.0878, 20.366, 59.3641
24.3111, 39.2731, 29.8747
25.8739, 5.00999, 39.3043
29.9338, 27.7195, 36.992
47.4455, 62.0336, 30.7153
37.2192, 45.8241, 60.6768
57.0166, 20.6749, 30.9121
61.3225, 28.7907, 28.4347
54.6616, 42.6312, 19.9559
32.9654, 40.6525, 36.0895
12.0711, 44.9987, 62.8105
2.9678, 48.7611, 52.3193
48.0383, 21.5344, 45.0286
33.4003, 23.9198, 4.50585
44.4119, 3.85513, 18.4993
50.8395, 37.1613, 31.1426
20.3623, 17.3144, 28.2727
10.1679, 16.2316, 42.1735
22.6255, 62.1348, 17.5039
61.2935, 19.7923, 55.6964
46.271, 41.9148, 63.2511
19.116, 38.6501, 51.4641
63.0178, 38.7879, 19.1728
25.1107, 39.4952, 40.4792
7.77881, 2.28915, 26.6895
4.18072, 19.2944, 2.35251
9.76401, 1.43857, 34.3719
3.53461, 37.646, 42.8585
38.4743, 11.6219, 43.3217
22.8548, 40.3031, 27.4786
46.2405, 45.5435, 5.63563
33.2621, 44.9683, 38.345
59.9202, 52.2561, 27.4234
3.26165, 19.5719, 32.3741
50.5584, 30.4703, 2.26789
5.74462, 19.5643, 63.0761
50.4056, 4.66758, 41.5561
34.5363, 51.6885, 23.6294
35.6818, 54.7787, 18.704
41.2606, 38.0222, 30.664
12.8641, 22.7998, 56.392
54.7164, 25.1321, 10.9097
36.8803, 13.4628, 6.97
46.3517, 7.97448, 5.11189
9.91934, 50.3343, 33.835
38.2384, 29.9446, 52.3693
4.22508, 35.1044, 58.1933
5.4074, 45.325, 62.5484
59.8837, 23.7929, 53.2265
24.1351, 49.0458, 11.2472
47.8828, 8.45647, 26.7515
26.1526, 15.4278, 2.69073
59.6975, 18.433, 0.226576
40.5738, 6.43245, 27.1316
24.1163, 35.9372, 50.4248
39.7727, 24.8324, 36.1073
50.1562, 30.0534, 58.2114
38.579, 33.8299, 10.752
63.79, 5.6151, 14.376
53.3921, 45.8829, 62.2225
19.9487, 3.85236, 49.6586
53.534, 21.1134, 60.9834
62.268, 29.9166, 15.578
0.889129, 26.1485, 21.9018
33.3944, 14.6156, 47.5868
40.533, 43.4357, 15.3915
2.07548, 60.0866, 25.1775
47.6325, 59.729, 0.821329
44.0243, 40.6127, 22.1333
30.0531, 36.0044, 35.3485
7.55682, 4.37167, 41.5472
53.2383, 21.3825, 9.4661
24.309, 21.0962, 21.4553
22.4929, 2.51316, 8.14422
5.09629, 33.4772, 33.4632
59.2262, 45.5457, 63.2985
43.883, 17.4379, 59.2113
31.9031, 39.0563, 10.2815
47.9582, 31.2313, 54.0959
39.1401, 33.7053, 3.99857
32.0432, 3.38407, 61.5924
35.7232, 19.8688, 18.7759
11.2609, 10.0729, 28.5336
7.44355, 21.2678, 3.85945
28.3478, 17.1251, 5.76771
14.5891, 4.20374, 16.9594
62.5747, 26.6285, 3.60126
33.1462, 28.1074, 15.3543
3.98228, 38.0107, 35.7471
17.7085, 24.9346, 58.7331
32.4134, 63.7817, 62.7092
49.7172, 10.6242, 9.60336
28.0561, 40.3029, 41.6028
43.9974, 47.2676, 55.6251
8.92356, 40.5678, 26.742
60.2728, 9.30027, 18.0094
43.0227, 5.83567, 27.7394
60.5873, 12.6555, 36.4527
21.6114, 28.1311, 55.8632
31.1301, 25.7402, 18.0076
41.4622, 49.4497, 4.85145
32.124, 24.6357, 60.9727
27.0823, 52.7393, 50.5857
61.4828, 42.4499, 52.803
42.4454, 19.8487, 50.8834
33.5256, 49.3285, 30.2001
36.7643, 51.6341, 63.5963
27.8324, 27.9752, 11.0058
3.11752, 38.702, 57.5744
19.1664, 36.5708, 47.0788
38.2428, 5.61064, 53.6055
11.2062, 40.1876, 18.2793
21.4189, 28.781, 36.9997
29.6735, 54.5876, 39.9627
27.1136, 21.8697, 51.5488
17.9911, 63.4276, 55.7174
21.4259, 38.1557, 31.2211
56.3197, 5.75549, 60.7294
48.5799, 37.4642, 14.4763
2.93582, 58.4476, 52.7933
53.4656, 0.742307, 37.9016
37.8146, 53.1961, 36.9124
8.86376, 31.3839, 5.6588
61.9401, 48.6693, 51.5027
47.0008, 31.3531, 7.81494
42.3776, 28.8791, 11.6838
59.8278, 47.3527, 18.8059
3.93882, 60.378, 41.2266
10.0259, 10.7813, 46.8619
23.0035, 4.64719, 23.1849
30.1362, 56.9104, 9.80837
8.05129, 13.2027, 21.6805
32.9636, 42.4266, 25.6632
23.1101, 43.0366, 46.2935
6.60441, 14.555, 48.1682
26.8397, 49.0568, 2.3781
39.2904, 63.3411, 16.8602
11.7753, 51.4512, 61.2684
38.2236, 6.95516, 0.927668
53.75, 63.5959, 42.6427
55.8305, 2.64507, 25.2274
41.772, 39.8504, 3.24428
52.4237, 5.44266, 38.6048
32.5107, 10.0207, 1.44935
51.1547, 8.6838, 60.8067
35.9004, 53.7259, 6.66691
17.5738, 46.1509, 5.97937
37.8425, 32.0734, 60.3531
37.3224, 33.745, 19.0136
52.5432, 21.6828, 32.2129
50.8903, 17.247, 0.476391
41.7179, 29.4832, 62.0133
24.0898, 46.6238, 5.27266
37.2348, 49.9784, 59.6979
27.7668, 44.9777, 16.0719
50.0478, 38.8224, 12.4819
2.61476, 10.7569, 0.387389
11.3528, 22.1234, 32.3321
0.499516, 25.2405, 60.1436
40.7545, 17.7937, 27.554
62.1941, 51.66, 39.0585
50.2836, 46.7566, 33.5085
28.7104, 32.7382, 38.8859
4.22457, 47.7106, 4.86617
63.8996, 22.3572, 63.8246
36.8619, 29.1548, 43.1574
34.0852, 4.41767, 32.3148
53.4401, 6.34061, 44.9289
19.3067, 37.3271, 16.1969
9.23268, 48.3117, 0.522474
2.51252, 53.5658, 38.9714
38.1491, 8.11876, 41.4404
22.2312, 13.0558, 20.0155
5.41173, 36.5784, 49.7182
52.665, 12.7629, 23.6852
11.6769, 51.7248, 35.992
35.923, 20.3315, 45.2896
59.2262, 25.5266, 17.9055
54.9624, 1.0066, 48.0231
60.7923, 36.5558, 18.1107
30.7342, 10.6818, 19.3295
13.3089, 27.5802, 55.5136
50.748, 13.7266, 40.6986
4.57982, 15.8552, 11.9928
29.0868, 28.7869, 29.6418
60.8073, 26.2636, 3.65013
41.7175, 7.06949, 11.6573
30.053, 43.9207, 61.7704
6.68166, 53.015, 50.8045
22.2368, 40.5667, 20.1019
46.1885, 6.28667, 55.756
4.71756, 6.4187, 55.8278
28.3042, 30.2465, 39.4926
62.5386, 51.5289, 22.249
55.7161, 27.3491, 59.1463
61.2257, 9.94609, 40.4607
11.067, 45.508, 14.1744
38.7141, 17.2748, 10.659
3.44516, 21.2585, 2.52619
23.6839, 6.70139, 10.7056
19.5272, 47.9649, 6.24469
55.4532, 61.6791, 5.4805
6.66604, 2.40471, 61.983
19.8985, 8.81783, 56.1283
20.0211, 4.45636, 28.7044
42.612, 31.3786, 3.93921
50.8235, 39.3267, 43.5174
9.09161, 41.7976, 8.77622
13.66, 37.5323, 56.767
43.5952, 49.6904, 18.9064
45.1402, 32.8255, 14.5616
59.3176, 40.4534, 2.28952
23.7857, 31.9739, 61.6312
58.4337, 34.4497, 11.3278
62.5728, 14.6946, 26.6988
54.568, 53.1058, 46.8701
17.0618, 17.1694, 27.2527
58.3152, 63.8361, 43.8801
18.9876, 29.0305, 55.8119
4.15408, 33.4394, 25.5134
59.0635, 53.0441, 2.37787
60.2914, 16.9141, 30.9921
57.3822, 53.7156, 56.8026
16.1213, 27.4877, 25.7736
21.1349, 6.77229, 56.8212
7.13073, 10.9312, 42.6498
17.6598, 63.1335, 23.1022
17.3198, 63.0882, 22.4437
53.2085, 0.383499, 26.6095
3.58808, 17.1208, 16.0569
5.12463, 35.0871, 23.2029
10.6281, 19.8105, 53.5021
52.722, 15.2783, 5.25538
9.30954, 18.8802, 47.3354
42.6668, 31.476, 30.4106
50.3377, 55.5511, 60.1799
13.3688, 7.8479, 22.4034
1.8999, 27.1814, 5.39499
10.1546, 48.6506, 16.264
59.2544, 19.6211, 63.6408
50.902, 27.174, 57.11
17.9866, 42.6912, 56.0844
45.6073, 63.3772, 3.29242
26.9364, 10.5743, 61.3116
27.6287, 25.0521, 17.5051
50.0774, 8.97795, 10.6628
31.3807, 18.1319, 56.8448
38.6711, 3.66555, 22.7181
39.6817, 20.7613, 55.1394
13.5637, 44.2668, 52.3808
32.9168, 58.8208, 15.934
33.7229, 17.8747, 34.9646
11.4006, 38.4922, 28.2562
0.432975, 33.2338, 29.6972
14.4516, 9.42876, 54.9561
62.9871, 33.2867, 19.9779
13.082, 2.22159, 55.8134
21.7865, 17.5212, 8.26889
40.2407, 25.4581, 9.45515
23.364, 25.9383, 0.483887
29.3426, 29.1724, 32.756
24.6088, 13.912, 37.2181
15.6342, 55.4959, 36.8753
37.6375, 35.3947, 52.2203
28.2171, 0.97204, 32.3325
3.72529, 47.9157, 52.8829
21.3232, 4.75033, 16.5206
57.0051, 56.8086, 49.0082
43.3067, 56.6768, 25.003
27.6467, 58.6108, 25.3603
5.97384, 0.583961, 20.2399
19.8334, 11.044, 45.0876
32.7021, 46.3564, 35.4828
51.4829, 53.8189, 33.0101
56.9235, 58.2164, 42.9132
49.9238, 57.8924, 50.3561
4.45656, 37.1175, 59.0748
33.5504, 46.0106, 56.757
39.7987, 6.05023, 20.5282
26.2285, 25.967, 32.965
14.4342, 19.8383, 23.4496
7.2894, 50.5396, 31.7037
47.6777, 10.1923, 57.6128
39.6083, 45.3707, 31.2908
2.43886, 3.62996, 20.4899
29.1217, 19.7326, 62.2812
43.1012, 44.1217, 24.505
3.05454, 5.85713, 6.72914
59.2994, 59.1326, 60.491
8.17737, 62.4442, 0.301026
18.6759, 2.27106, 4.32471
32.6126, 16.4091, 24.9774
44.2885, 45.3924, 7.605
61.9585, 22.9637, 27.8448
33.0564, 48.4079, 28.8936
26.0659, 34.1445, 37.0309
2.18993, 37.7353, 5.01956
57.333, 32.1932, 2.79301
2.67122, 33.705, 17.3391
7.99536, 0.835062, 46.304
2.45224, 0.278073, 13.2532
42.8446, 59.588, 48.4181
60.5623, 4.59307, 29.9798
56.174, 31.5479, 14.642
19.5661, 13.5499, 20.5566
40.9916, 48.4939, 29.5364
26.9114, 40.4716, 34.9135
25.0338, 36.0506, 45.2295
16.2975, 46.168, 10.1903
46.9949, 34.1388, 0.869807
30.0539, 62.8746, 58.857
13.5857, 48.7893, 42.0405
6.15108, 53.1787, 17.2909
57.0513, 9.52876, 29.9909
19.9366, 8.90277, 62.0672
46.4463, 58.5407, 52.3238
31.432, 7.35161, 34.4901
32.4497, 26.5098, 7.90633
12.4744, 23.7967, 1.84586
59.7706, 1.03063, 14.8008
18.4463, 8.30775, 60.9683
11.2849, 41.1971, 35.7607
53.3193, 44.0524, 10.7018
27.1229, 35.4822, 58.9091
8.93983, 39.5524, 1.02407
44.9959, 14.5129, 53.3608
46.0023, 30.232, 48.4615
41.2433, 23.351, 46.7909
52.1282, 51.4188, 60.6549
60.9417, 21.0795, 48.5442
23.652, 62.1002, 10.1476
43.3433, 27.3678, 34.7192
15.4642, 52.3741, 3.20161
20.5125, 61.4803, 46.7409
62.9492, 33.0823, 32.0469
23.8819, 60.2492, 5.11868
44.7765, 48.5475, 37.9481
43.7908, 49.6616, 9.43446
3.50123, 27.8732, 30.8539
28.5556, 63.8777, 54.1675
20.1339, 42.6944, 50.6858
59.5863, 3.59985, 22.9639
22.3977, 54.9783, 9.93379
47.783, 26.4185, 0.419625
9.18155, 59.9441, 19.3227
38.7473, 34.0944, 36.8291
57.5634, 42.4094, 59.4024
37.5068, 26.036, 10.8896
62.7545, 34.2879, 9.30158
33.6676, 2.53048, 46.4489
52.6157, 38.1568, 59.5757
0.928835, 15.0679, 42.6921
29.5222, 59.7915, 6.34471
18.9473, 46.6059, 34.2325
25.8121, 48.4766, 44.6177
27.6405, 7.46332, 6.17307
4.72708, 39.7137, 25.814
28.9413, 62.9525, 22.2003
14.3421, 0.582466, 6.00357
1.83973, 57.0908, 36.9096
3.67917, 7.12624, 51.0688
21.9499, 36.1863, 48.6238
15.7021, 57.2469, 38.0591
7.39206, 30.4062, 35.2063
5.73155, 28.1074, 0.703308
38.7337, 46.3544, 25.4864
12.5629, 31.2791, 55.4035
10.8774, 50.1187, 51.1008
30.5305, 17.6091, 21.3009
58.6368, 3.7698, 38.4726
17.6416, 41.0939, 0.478166
60.7117, 58.4542, 12.093
39.9563, 54.8051, 49.8807
45.5179, 33.5814, 22.1381
63.4779, 2.17435, 59.5415
29.1115, 18.283, 25.1114
12.4393, 53.3943, 44.8993
41.76, 40.3357, 60.2282
14.7148, 54.9827, 16.7348
24.8977, 14.6015, 14.1749
62.9254, 4.07791, 53.473
48.6304, 22.8414, 51.3073
21.0619, 7.67688, 49.7174
15.5531, 30.3586, 33.4879
37.041, 22.7524, 5.82234
57.2788, 12.8271, 42.3671
18.2435, 59.624, 14.6671
18.1864, 50.907, 17.3973
32.7866, 61.9634, 52.8259
36.6192, 54.175, 41.062
31.7719, 8.51644, 11.9821
50.6065, 55.206, 3.49779
42.9368, 62.3417, 34.2353
32.8535, 6.00446, 17.1377
17.0544, 27.7825, 57.114
58.4179, 52.3569, 26.6869
16.8496, 30.114, 44.2721
44.1826, 46.887, 17.8482
31.068, 37.3685, 47.0152
28.0268, 8.02943, 21.9751
49.7236, 7.46993, 14.4726
0.56028, 10.1902, 60.9051
58.7176, 32.6026, 46.8344
3.72291, 46.6005, 42.335
45.5742, 62.8011, 60.7848
43.8231, 36.6974, 11.9721
43.6398, 59.7084, 38.4698
52.4235, 6.63316, 34.0714
31.8087, 59.5553, 55.898
16.0235, 34.3282, 30.2001
54.1514, 63.1677, 36.6116
56.8418, 31.8308, 14.2613
37.4665, 32.3923, 34.5264
2.88488, 18.6065, 37.3946
26.4539, 12.3769, 21.0012
42.2111, 0.12917, 5.3853
23.6982, 29.0176, 22.6847
43.9359, 63.0834, 56.2557
40.7482, 36.3698, 26.2146
50.1392, 63.8743, 7.47757
25.3773, 21.8297, 55.3004
36.8165, 53.5951, 52.0908
6.41566, 59.3731, 2.67981
63.5511, 19.5834, 19.8251
38.8753, 5.02691, 40.5347
1.45772, 0.216011, 10.9644
15.271, 39.7814, 23.904
57.1898, 48.7819, 27.5051
31.0287, 0.78774, 60.2881
20.1138, 53.0941, 24.1684
32.5097, 2.25379, 7.75087
11.4712, 29.8196, 12.8525
52.8664, 38.5768, 28.5713
15.3104, 10.228, 56.8779
62.5178, 41.1735, 18.6712
40.0878, 5.29268, 2.24645
24.0139, 30.927, 19.4594
45.926, 8.39411, 42.1297
6.61131, 32.2376, 58.6077
11.9219, 46.4386, 28.3779
4.38974, 33.3717, 28.1677
42.4807, 39.0829, 29.2546
63.642, 26.299, 38.5097
6.10299, 60.5687, 43.4058
52.2475, 10.6745, 21.3967
63.734, 55.2257, 18.2975
1.66766, 44.6107, 53.1828
9.36196, 18.2991, 61.142
25.4541, 20.794, 56.1494
37.8966, 7.26736, 43.334
19.648, 35.7758, 9.36276
61.3344, 46.3762, 48.5734
39.2464, 49.5723, 29.5713
19.0933, 48.0081, 45.2468
32.3301, 8.44296, 19.1913
58.6077, 53.8875, 35.5854
8.53539, 34.7922, 13.6516
34.5843, 63.4941, 16.7738
50.5124, 49.0617, 41.6602
58.0275, 23.1559, 36.652
18.6831, 58.301, 29.762
18.7702, 52.7108, 27.3991
21.6506, 26.1353, 10.3737
25.6252, 56.0709, 21.5107
55.6943, 25.0922, 16.8993
45.2534, 54.4041, 53.8541
14.1481, 16.9707, 11.7753
55.9022, 62.9303, 6.23739
17.4803, 31.9107, 18.8875
24.1067, 6.39869, 42.2224
40.9759, 63.4274, 39.4298
36.9081, 16.9251, 48.6795
10.3459, 28.5966, 46.125
39.7161, 16.5246, 14.6637
32.657, 39.2454, 39.8613
5.46176, 39.81, 1.32787
4.56189, 38.2894, 52.7247
22.033, 41.3302, 37.3367
3.15292, 61.1291, 37.3689
48.374, 6.09928, 36.1776
33.3459, 26.091, 57.9472
30.6641, 55.096, 52.2955
52.5881, 40.4487, 10.9879
38.8423, 21.3623, 29.8262
32.5478, 35.7935, 29.814
9.72984, 34.2005, 21.6257
59.0562, 58.6673, 21.5935
7.00837, 49.8345, 19.1208
8.33502, 13.1468, 53.9096
31.5392, 33.0588, 23.5158
35.1017, 23.3606, 30.8168
42.6828, 34.5475, 15.7551
16.3586, 52.5479, 10.9059
42.4677, 40.4171, 6.8866
23.8643, 21.3416, 27.6721
17.3118, 10.0275, 28.6096
33.3252, 42.6223, 35.2461
52.0208, 35.7208, 36.79
18.6168, 23.3541, 62.8172
36.7063, 24.354, 21.8975
63.7119, 52.7848, 50.3749
52.9977, 45.7785, 63.3349
54.8317, 22.2963, 53.1084
21.1375, 7.50773, 42.2984
44.1443, 28.5666, 5.06602
59.8883, 37.1949, 55.936
29.54, 30.7832, 6.00299
59.9946, 40.4027, 48.0433
60.5269, 38.0758, 35.574
0.499162, 19.0639, 6.60906
21.8927, 14.6412, 62.127
18.8002, 40.0686, 59.8619
36.2313, 24.4378, 29.8361
35.2841, 12.8147, 13.6486
47.2983, 27.362, 47.3279
52.246, 28.5646, 5.75385
41.0411, 42.0149, 62.4825
42.0074, 60.7578, 15.6728
50.4299, 20.9184, 14.3417
29.5232, 50.0942, 42.5289
3.96319, 2.91415, 23.5397
40.0459, 37.2148, 49.1388
26.5146, 13.7908, 63.0497
8.29581, 14.667, 47.1096
6.15171, 45.4888, 45.866
61.491, 43.6334, 10.1385
7.94825, 15.8591, 15.0392
31.1911, 23.9762, 38.6628
40.0627, 46.9294, 45.5906
29.3446, 26.6303, 49.3821
3.51773, 60.8081, 49.6303
24.4524, 8.2844, 49.1228
28.4824, 47.1145, 17.8896
43.7861, 20.8479, 34.2041
18.221, 1.71579, 38.4067
5.37213, 62.3817, 62.3934
56.7704, 48.5217, 3.1897
56.0502, 51.3288, 26.6424
32.8316, 55.8228, 27.3289
61.3171, 23.4984, 62.8287
47.495, 28.1993, 59.6354
8.91847, 34.8702, 18.626
15.7598, 19.0571, 54.5957
59.5252, 29.9089, 40.216
54.0768, 0.450584, 1.16125
35.1678, 35.0055, 3.21507
49.0795, 40.7884, 61.7052
11.9106, 26.5604, 14.2325
46.6341, 53.7711, 45.8583
7.07281, 6.41483, 47.2963
46.4288, 21.088, 28.7834
0.260692, 22.2283, 10.6239
58.583, 57.6473, 31.7018
34.6224, 21.9771, 47.8231
56.8753, 33.5438, 4.5277
49.2646, 33.0709, 21.0937
18.9582, 11.0034, 20.9972
40.8432, 20.2535, 59.306
15.636, 1.35077, 3.80845
25.7632, 48.9532, 11.4633
24.7765, 27.5999, 4.17649
23.7917, 13.2522, 20.9917
54.1301, 44.0427, 44.5651
14.1847, 11.2498, 51.0164
44.8137, 18.2575, 34.5892
40.6034, 17.8278, 22.8534
55.2218, 0.478116, 15.6154
7.18893, 19.0907, 8.15863
16.7857, 15.047, 46.1824
10.4516, 57.4414, 26.9738
36.0336, 63.4607, 63.7282
14.8901, 29.6016, 34.0498
43.3771, 26.4126, 19.8472
44.3479, 27.5478, 29.4962
57.7541, 3.97457, 58.6497
23.6492, 15.9582, 35.3412
22.6575, 33.1737, 30.6153
16.418, 21.749, 48.2802
54.5241, 6.64241, 41.6714
19.4065, 40.051, 30.9938
38.6781, 63.8453, 16.9034
16.6543, 32.7764, 19.9666
56.1831, 63.3479, 47.0615
37.4046, 20.6766, 51.7405
30.6119, 2.34706, 22.9489
61.495, 40.0872, 33.5774
34.6421, 22.2736, 16.4612
32.2878, 42.8348, 12.4851
15.9511, 50.839, 19.5862
20.5895, 40.0467, 25.6213
50.4577, 61.9395, 56.4211
30.0477, 23.2105, 1.45134
29.5443, 38.5127, 62.7714
41.2868, 25.7856, 18.4269
16.9534, 41.1878, 13.1061
29.3904, 47.1952, 62.4769
48.4253, 60.461, 30.3679
45.9441, 10.6355, 59.3442
21.0455, 30.8659, 18.8417
60.8104, 22.7431, 13.8256
41.3638, 39.7283, 1.85247
11.4043, 39.3203, 47.578
10.3013, 1.80126, 47.3372
39.5067, 32.1392, 35.1224
62.9944, 4.40965, 42.3585
15.6879, 5.97554, 63.7495
58.838, 56.2744, 16.7212
46.3669, 7.18855, 2.34087
31.8324, 52.1778, 39.9826
12.9706, 42.8602, 53.5162
46.2549, 7.47707, 18.5899
10.9656, 35.3509, 59.588
42.815, 51.8462, 51.9396
60.0013, 0.343326, 29.0272
16.0935, 16.7669, 42.5934
4.20842, 30.4548, 54.844
27.5427, 36.7055, 55.4704
17.5019, 54.4215, 61.8447
45.3041, 43.5054, 34.0885
31.8193, 56.0515, 62.4275
32.859, 41.7192, 12.3161
24.8026, 33.3054, 38.9566
9.59418, 50.2644, 17.0122
29.42, 43.8754, 1.35993
41.8904, 32.4248, 3.96722
32.863, 4.0618, 15.022
57.8362, 61.8019, 29.7149
19.3254, 62.794, 38.531
42.7922, 42.1343, 56.0029
18.3921, 46.0536, 36.231
15.3924, 15.3065, 23.3179
60.5457, 40.6182, 29.0581
21.1449, 11.2222, 24.5605
52.8985, 44.6758, 25.5232
41.0201, 45.8574, 31.4233
37.3183, 13.9742, 39.9962
34.3739, 40.5206, 19.1622
22.6432, 40.202, 28.9768
18.219, 11.2516, 63.6576
3.70464, 5.98948, 17.6915
54.152, 4.16516, 61.4643
16.1499, 55.1636, 9.35164
44.1437, 43.4215, 41.4741
32.4865, 7.644, 50.0581
41.634, 36.5113, 51.35
36.0625, 55.0563, 27.7167
31.5157, 3.67704, 3.63977
53.3309, 19.7904, 25.4793
35.2504, 61.9632, 10.6249
42.9106, 5.99237, 52.6131
8.78656, 63.632, 23.817
12.1482, 27.677, 24.425
32.6197, 48.1934, 58.8296
20.9406, 50.3745, 48.4144
2.05827, 10.4362, 52.0545
6.40322, 14.4001, 42.8605
3.95798, 12.9034, 58.4182
9.59509, 38.7733, 45.6174
8.50369, 27.7897, 45.711
37.6114, 11.4139, 44.6351
31.871, 59.7672, 55.6062
38.4957, 26.7202, 10.8415
1.97795, 30.2087, 32.1115
8.52298, 11.7174, 26.5301
60.3375, 8.0207, 1.60996
13.088, 49.8981, 63.6829
28.306, 63.1931, 7.13226
54.6803, 44.8519, 39.6501
46.0516, 58.3378, 50.0401
51.5762, 58.2819, 9.10045
61.7497, 55.3674, 19.6487
11.5663, 10.4108, 50.7794
57.3399, 40.7743, 45.644
19.8621, 14.7283, 18.5437
37.2947, 6.18322, 42.9998
59.154, 10.3213, 2.64774
1.20311, 3.85901, 39.934
28.339, 57.0842, 0.756578
25.2774, 27.4724, 5.84671
62.6662, 17.9445, 26.4535
55.021, 46.1723, 33.0853
53.207, 30.1674, 16.4117
58.5674, 7.10879, 50.9619
13.4624, 2.82394, 22.3818
25.7175, 28.0181, 31.972
54.2491, 19.9311, 51.9545
31.3869, 53.24, 18.047
52.7538, 61.4944, 50.9531
62.0577, 28.3299, 56.7818
6.88623, 62.9908, 23.1073
43.8078, 46.1399, 18.921
3.23035, 36.6995, 11.2071
15.3596, 3.17746, 9.10002
6.33437, 37.5324, 20.0085
53.3455, 28.5927, 14.6827
62.6589, 61.7349, 1.07296
60.7017, 0.8211, 9.11448
16.2275, 7.52043, 1.3123
37.1552, 58.0111, 48.4594
49.3849, 48.7191, 61.6336
34.7546, 1.50014, 22.9184
41.1841, 62.5746, 31.6655
63.7606, 36.609, 50.5312
33.0306, 54.7332, 59.3872
5.74677, 10.0795, 3.1271
27.423, 60.2334, 47.4618
61.1484, 39.0712, 39.1354
60.7896, 59.1199, 11.7485
8.67761, 4.54512, 54.7577
44.4556, 46.6575, 13.5271
49.3452, 51.298, 63.2726
49.9671, 29.5804, 54.9169
24.684, 32.5926, 50.7509
40.2461, 19.9302, 36.3155
5.9488, 51.6658, 28.1647
41.7808, 43.363, 23.1714
47.8362, 6.67845, 6.31637
37.0464, 18.0823, 21.2089
2.3505, 3.15618, 31.6983
13.9008, 61.3922, 30.5834
47.7677, 16.2339, 25.5076
45.9323, 46.4738, 42.5902
3.31215, 9.25199, 25.6859
26.9104, 62.4706, 52.5472
42.2767, 46.2978, 0.7438
28.5739, 6.24306, 47.2895
29.0311, 47.9315, 63.268
2.86777, 7.21454, 11.8898
61.1753, 40.525, 7.50916
4.54181, 16.5591, 43.115
8.95554, 55.9768, 22.2166
48.9503, 41.0456, 50.1225
26.8789, 52.8045, 38.5919
14.1747, 52.8, 52.7295
23.607, 61.0288, 57.2215
62.949, 3.55242, 14.5653
46.4308, 4.02498, 21.9611
55.0046, 10.2218, 47.7929
58.3107, 49.7184, 15.0298
61.8778, 49.0441, 2.51161
43.9266, 2.65967, 8.73097
26.1984, 23.0582, 3.86448
8.5542, 25.7005, 21.073
44.7387, 25.8422, 23.0856
50.6792, 5.88654, 58.416
45.9602, 30.2942, 40.1744
42.6353, 8.52396, 63.2286
8.33696, 34.4274, 13.8306
46.4581, 19.8065, 45.9865
63.712, 11.5801, 27.5002
17.2109, 36.9028, 58.5534
39.7235, 61.358, 33.0483
28.0916, 17.4959, 22.7096
24.3802, 18.073, 25.8388
33.0621, 14.7039, 30.9702
39.7289, 28.1748, 63.2347
37.9631, 62.5432, 42.8986
39.9264, 38.1251, 19.1064
63.5873, 62.1283, 40.7584
35.8935, 28.2069, 54.0391
53.5084, 32.2247, 18.9877
19.7623, 17.0703, 24.547
14.6708, 54.6071, 35.4392
3.8124, 29.9779, 57.2382
41.8072, 10.8267, 47.4383
57.6802, 19.5925, 13.8192
49.3323, 39.6761, 34.9363
19.1469, 57.3339, 20.2639
30.0347, 33.3876, 37.8154
58.2429, 19.2115, 38.3566
7.89428, 42.6629, 55.4458
45.0241, 32.7799, 42.6242
3.41764, 0.605341, 33.8203
57.5461, 27.0434, 57.8856
38.8695, 35.3825, 24.1291
19.0637, 52.0592, 36.9933
45.4365, 47.9684, 49.581
27.094, 54.7038, 52.8248
52.663, 20.7865, 57.0465
13.6656, 24.1865, 46.6157
25.5161, 57.9076, 35.8282
60.5785, 61.4987, 11.8811
42.1435, 8.49903, 54.0647
47.9604, 43.0808, 11.008
41.9559, 43.9929, 59.5911
15.1286, 8.47084, 40.6074
6.96509, 61.4899, 44.7628
58.8227, 30.8534, 21.36
55.3443, 12.5188, 5.7756
62.455, 52.4007, 47.4366
55.2669, 23.7702, 43.298
6.25891, 9.5327, 4.17162
18.793, 50.3767, 30.8657
13.7094, 51.4628, 34.3852
7.59226, 40.9103, 35.905
14.6645, 57.901, 10.8423
55.1625, 36.0345, 46.2914
37.524, 4.45932, 36.0336
1.54349, 24.7441, 16.7766
49.651, 59.4633, 8.89056
46.0708, 48.7243, 4.58731
31.095, 31.6377, 0.590662
36.1009, 5.29455, 14.1983
53.298, 18.2369, 22.2276
8.82331, 62.1007, 7.81317
8.36317, 54.6243, 37.0101
22.4305, 63.3158, 26.3405
36.1298, 26.42, 33.5325
10.4309, 30.5847, 29.9797
1.76965, 0.821907, 61.5752
46.7511, 49.9319, 21.3507
22.4298, 0.70556, 4.86889
9.98055, 27.5623, 62.075
57.4993, 0.658708, 40.8328
36.0515, 43.7661, 58.557
7.67304, 47.9336, 50.8168
49.1567, 2.36563, 38.1472
47.2986, 49.8597, 35.3422
44.3589, 32.1925, 16.7331
13.2197, 27.3657, 35.4702
48.0308, 41.9128, 49.1486
11.0876, 7.54407, 29.6057
40.0157, 40.5057, 13.7302
20.4166, 5.03739, 53.4828
8.01985, 15.5621, 15.6304
24.3467, 24.0101, 59.5765
31.7279, 18.0859, 22.5357
50.8628, 48.2972, 22.9777
12.2522, 0.75374, 21.8012
60.0715, 47.0816, 25.6753
20.2931, 20.8061, 58.5113
48.9695, 13.533, 56.1475
25.6575, 32.0403, 11.5169
3.43415, 56.5305, 35.5557
22.1121, 60.505, 15.5899
47.6129, 10.2733, 41.7368
1.03869, 13.5033, 54.1075
38.2264, 55.627, 27.9881
35.6551, 39.3186, 15.3905
42.9276, 12.8865, 60.9256
40.0598, 3.56644, 53.9071
16.1036, 35.3266, 6.23656
61.2651, 7.65462, 40.7765
63.5357, 57.4568, 40.2041
20.7794, 10.47, 58.6313
5.11117, 31.1478, 20.0632
23.014, 36.6922, 39.2489
16.8794, 37.2059, 8.47926
23.2201, 3.31722, 23.5165
33.7971, 41.911, 8.76027
43.9446, 38.0616, 20.3778
41.6756, 11.6245, 12.7889
62.8221, 19.0779, 18.8569
58.5249, 15.7926, 33.8721
45.932, 61.3391, 33.0118
3.87397, 44.0435, 44.8842
22.3039, 39.501, 18.1544
46.4164, 35.4994, 51.4269
8.58292, 39.5391, 57.3652
44.2542, 53.1062, 5.0025
15.8333, 40.0504, 47.6695
59.8368, 5.34551, 23.7928
61.7547, 56.7017, 25.7748
60.3975, 9.86734, 11.0782
53.1298, 42.1559, 14.5261
3.87713, 23.0471, 46.7933
29.5307, 9.18156, 37.3995
36.2296, 61.5977, 14.3333
34.6117, 22.8864, 32.1098
10.764, 50.5421, 4.33932
20.6079, 28.2152, 49.2096
63.146, 54.809, 30.5857
15.9023, 52.6893, 39.292
48.3112, 3.89045, 46.7217
46.1339, 20.8028, 53.1102
16.1336, 26.6423, 43.312
9.38377, 17.4862, 11.5442
48.8191, 15.831, 27.0354
46.9608, 23.778, 61.549
31.0601, 15.9828, 48.3602
12.8698, 8.93085, 36.6439
16.2514, 40.18, 14.8644
10.2662, 8.65978, 37.3457
59.5758, 5.6076, 10.1119
58.5878, 1.96443, 51.505
57.9693, 22.6278, 3.37984
11.1673, 49.038, 26.1975
16.9163, 38.7128, 30.3809
36.3517, 44.0607, 4.98982
55.0108, 8.77899, 45.6556
58.7251, 11.5593, 45.4085
54.1626, 30.1746, 53.4058
43.1093, 59.0311, 46.3976
30.6278, 1.77222, 16.9957
11.5761, 30.6565, 54.8097
36.012, 4.85828, 9.32306
42.0965, 2.32377, 51.7931
14.7664, 49.3107, 26.8594
59.1207, 6.07362, 15.9355
48.2902, 49.4311, 43.5137
44.5051, 12.9198, 55.1646
31.3344, 55.663, 9.72525
14.3027, 47.486, 51.0323
34.3493, 41.0705, 44.0573
50.4686, 58.8306, 61.1013
2.66389, 51.6551, 4.82577
31.5426, 58.9679, 29.7197
39.7128, 59.7428, 39.3033
57.4748, 54.1935, 62.0809
23.8929, 50.8627, 26.4847
12.0363, 32.7728, 28.1946
3.91497, 33.5658, 46.3381
31.1072, 16.7368, 5.30982
36.9565, 43.1882, 9.11021
10.2378, 22.751, 6.3652
37.883, 59.314, 12.711
55.7674, 30.4313, 59.5093
0.496827, 3.74592, 17.2103
30.7133, 34.0148, 62.4793
36.2256, 29.1179, 34.7931
20.6, 59.6311, 25.5756
25.0157, 20.8349, 48.1872
49.98, 5.12933, 30.1466
30.968, 48.2, 46.8331
3.88345, 36.9723, 17.2882
60.3351, 3.91582, 56.3256
10.458, 45.9023, 40.409
44.3614, 33.0205, 9.84774

Final positions:
62.8745, 56.7474, 51.0759
19.2249, 13.5228, 55.51
63.9802, 28.7747, 54.2516
51.8869, 12.8392, 13.0842
10.8664, 55.9205, 25.7707
46.1643, 40.2515, 38.4964
30.3829, 47.7146, 15.1514
36.3895, 27.4834, 44.622
25.8673, 2.08175, 17.5631
57.2463, 48.086, 45.5853
8.29817, 44.6034, 12.7263
49.8108, 12.3273, 59.9378
22.0774, 42.5865, 24.303
6.27912, 5.28526, 12.9976
27.3105, 38.4253, 34.3799
30.3413, 51.8924, 41.3567
28.8497, 28.0013, 11.0604
16.1317, 33.5304, 50.0781
51.7327, 13.6431, 37.6442
61.1356, 0.684112, 47.8558
30.1203, 33.3858, 52.1119
9.7706, 12.1781, 34.2186
13.9164, 33.5936, 29.9974
37.8769, 39.3274, 9.95335
47.2058, 15.1938, 32.98
6.62525, 59.254, 11.0927
37.6816, 16.4053, 45.5673
20.441, 63.9526, 52.5781
54.0218, 9.3529, 6.4844
41.2471, 10.0218, 60.5046
8.10382, 56.2181, 0.970404
54.4343, 14.3336, 53.4836
34.7131, 57.6717, 12.2079
28.787, 7.98387, 53.6376
38.8793, 22.8308, 26.9921
54.5198, 20.1576, 17.7845
56.7118, 55.5754, 27.5705
60.1211, 41.9115, 33.8716
22.8047, 3.48449, 20.1242
26.9678, 10.8521, 19.9748
16.3826, 52.5599, 10.5124
48.1157, 5.38308, 21.2882
31.1136, 1.16199, 6.01913
18.5747, 43.2943, 60.9432
38.4578, 53.2625, 53.8502
21.0632, 51.4123, 21.095
12.5985, 41.8454, 8.05908
39.6663, 52.6517, 63.7745
47.9462, 30.105, 21.1381
63.2978, 25.9892, 42.7942
36.1403, 42.8386, 50.1421
50.6104, 13.1476, 5.00187
14.1228, 39.5624, 22.2481
11.4155, 23.4529, 12.6452
28.1509, 18.9007, 12.1518
30.3803, 49.7424, 62.6373
0.981852, 3.20145, 20.5224
14.4174, 42.4337, 2.64882
44.8178, 15.8761, 7.7259
37.2064, 5.58514, 25.5049
42.8933, 23.4971, 7.78528
38.1207, 47.9641, 63.3127
11.076, 31.7726, 60.6075
6.05977, 24.7591, 54.1567
45.9495, 50.7762, 57.1467
52.2352, 6.1079, 20.4711
52.4119, 0.58999, 32.7496
38.0296, 3.86014, 55.5412
7.57024, 36.1929, 9.68091
63.9097, 5.569, 45.5579
44.4817, 20.8236, 14.3401
57.3626, 49.3186, 42.946
7.07018, 0.965792, 60.4945
9.43378, 14.2411, 17.7876
35.5887, 42.2741, 11.8156
28.3065, 13.7213, 61.9687
37.737, 27.7053, 4.02781
34.3702, 60.6677, 18.2324
56.9371, 47.6091, 10.5915
43.7748, 14.319, 58.8403
41.9555, 60.4711, 48.1108
56.596, 57.2154, 40.9426
9.02852, 36.8118, 56.6669
12.815, 28.6422, 62.9379
24.0542, 25.6793, 14.009
35.5212, 59.841, 17.9622
36.8668, 8.35107, 48.8695
6.12864, 35.2615, 11.5686
59.4475, 15.4184, 49.6037
5.29986, 0.467096, 47.0842
39.3541, 28.3704, 59.5281
60.6725, 41.9915, 8.49298
42.8635, 31.931, 56.2487
18.5515, 16.829, 37.5798
5.58562, 32.2091, 27.4264
54.2201, 19.8867, 52.6837
20.8406, 0.837449, 22.9244
18.5348, 63.7528, 58.1092
61.082, 14.87, 17.6744
6.1412, 13.8969, 43.1781
63.7881, 22.3205, 0.573451
50.4293, 47.2403, 44.064
52.3801, 1.71871, 54.0536
59.4675, 9.43196, 47.1297
5.41059, 57.682, 47.0772
25.6531, 22.9584, 57.834
1.11446, 43.9725, 42.8342
15.8445, 56.4306, 60.3522
25.4446, 15.6378, 34.4282
20.5567, 6.13773, 26.5541
39.939, 8.13917, 15.7115
48.558, 47.6875, 30.6858
34.128, 45.5226, 41.1752
11.0392, 54.9099, 53.7998
25.0778, 42.2325, 33.0447
40.4931, 2.96297, 29.899
13.6148, 53.0414, 51.8007
12.7837, 31.91, 51.7507
43.7491, 57.2266, 53.9209
30.0653, 34.6166, 40.6441
24.9247, 14.4247, 41.3168
40.0337, 47.9904, 9.3649
9.79781, 11.007, 55.6287
17.9305, 34.8334, 43.417
17.5005, 13.4766, 41.9711
17.3639, 49.1472, 30.157
34.0238, 42.0862, 48.1939
22.4773, 57.2507, 60.9904
40.3626, 28.3336, 33.2007
4.27124, 38.2599, 8.10213
51.3553, 51.1387, 29.6502
16.004, 1.07464, 36.1645
28.5799, 0.658205, 47.5397
24.6768, 32.7945, 33.6441
24.6255, 27.2631, 28.6237
42.5019, 29.4463, 7.59754
5.20159, 15.8903, 55.2876
35.5913, 4.51842, 3.81741
3.07573, 48.9232, 11.7375
24.4181, 1.3986, 2.41019
7.85357, 54.8934, 22.3707
41.1991, 41.1659, 60.4796
4.579, 57.524, 29.0977
18.4963, 26.5984, 29.1635
36.4358, 31.0514, 62.1577
9.75383, 20.5149, 19.5054
34.1384, 12.6302, 7.32529
25.1573, 11.9416, 27.6542
32.8914, 0.506484, 2.55997
47.1059, 28.721, 38.9989
12.3031, 21.4138, 14.7029
46.2038, 14.7474, 51.5291
61.4492, 18.448, 46.041
26.8808, 12.6091, 59.4289
12.6403, 2.01121, 47.4218
39.8122, 52.8647, 42.9021
3.57864, 43.6213, 57.9489
56.9834, 27.4326, 52.4088
51.9371, 29.6729, 7.58914
2.0513, 26.4607, 29.46
22.1456, 33.6875, 62.0918
37.8182, 47.7662, 37.2663
15.4988, 38.0597, 40.6037
60.2951, 15.2584, 28.4331
57.9812, 35.526, 25.3609
52.8818, 12.7264, 27.8565
8.26788, 63.2787, 12.2006
24.1865, 29.6549, 7.15718
15.286, 54.8342, 30.855
7.10403, 17.1955, 5.96934
34.9211, 14.6142, 59.9633
57.5144, 58.9045, 43.2256
17.0163, 23.0933, 51.774
43.4059, 33.7301, 13.7612
54.3259, 55.8141, 63.5918
30.9564, 34.1569, 15.716
21.5896, 17.7659, 42.153
21.0899, 16.3113, 22.9886
28.3664, 56.4698, 23.1981
24.816, 54.7472, 16.9002
53.4946, 6.77243, 29.4594
50.4667, 2.47154, 28.9929
33.4542, 61.6199, 31.6024
37.7185, 51.1017, 39.1606
1.34628, 8.90605, 20.0619
10.2995, 11.0241, 38.5067
27.0163, 11.7627, 58.9994
44.8671, 8.10742, 24.2331
23.2336, 31.6133, 30.0216
55.3723, 62.9555, 44.9096
4.83964, 25.2933, 14.5539
52.0189, 20.1002, 6.09649
25.2343, 11.9111, 48.8989
56.1788, 51.7053, 18.5017
11.6749, 37.6765, 47.6969
24.3956, 26.5857, 25.6525
57.5362, 20.0996, 38.3162
39.389, 12.7313, 21.2857
26.1979, 29.6189, 51.4063
44.2156, 57.0312, 34.9465
21.4216, 19.2478, 56.1584
63.1093, 8.83521, 33.6053
29.3615, 61.0068, 34.8772
26.2073, 24.2522, 12.4438
12.6941, 12.5807, 23.4394
6.69838, 30.8746, 60.9292
7.26656, 14.157, 40.119
2.55757, 24.5173, 27.6889
35.5202, 46.9517, 43.4237
3.90694, 35.8526, 13.67
9.06422, 6.87277, 36.1092
26.4908, 61.956, 62.9173
39.4893, 42.263, 53.5699
24.4845, 19.6503, 58.0588
40.2856, 42.3574, 4.49299
9.29346, 35.4883, 60.2515
44.7994, 49.1026, 50.0032
45.4445, 49.52, 38.0796
16.4551, 60.7129, 13.4383
42.2115, 38.4985, 15.3599
6.01204, 60.963, 10.3483
35.383, 27.9857, 22.111
38.6079, 34.0631, 41.7934
34.9057, 54.15, 58.3803
0.84996, 26.9548, 62.4256
24.2609, 26.4043, 11.776
3.5074, 37.3162, 9.95166
11.1439, 44.1367, 49.8885
3.24428, 36.8163, 40.2793
9.18043, 45.2876, 60.9097
43.8757, 58.3816, 30.5441
10.3752, 27.075, 3.99556
38.6168, 38.9701, 4.66919
18.9255, 35.3956, 15.0177
33.415, 10.3401, 4.57789
11.8792, 55.326, 10.2784
27.7141, 5.5765, 23.6422
41.6297, 49.1164, 17.4369
61.8094, 21.2516, 47.203
48.1936, 38.2559, 13.7857
47.3472, 56.2745, 47.1082
43.8576, 48.4993, 24.1722
43.743, 46.7339, 0.948302
39.597, 50.0293, 49.0266
34.0857, 37.8925, 30.7164
61.8259, 48.7755, 42.7115
58.7555, 12.2754, 23.5077
60.8798, 63.46, 47.2319
43.9004, 60.8027, 17.427
22.4533, 55.9074, 46.474
35.6845, 47.9577, 48.9809
46.7698, 52.4574, 12.8121
19.2113, 42.0515, 29.4507
23.2283, 8.25765, 46.2525
8.09127, 31.1139, 60.149
43.6334, 55.8378, 42.5617
61.3251, 33.9613, 47.1998
42.531, 43.6329, 54.7663
6.99975, 36.3951, 19.368
23.399, 57.2677, 18.7064
35.1172, 15.2167, 48.8933
61.0277, 44.2213, 14.2865
38.7147, 15.5019, 17.8585
49.0173, 31.0978, 5.28083
10.476, 54.61, 34.56
12.9859, 42.1617, 57.5819
10.2238, 59.2508, 43.4415
27.8227, 24.4307, 23.8918
23.559, 21.6218, 60.0705
45.2178, 60.9348, 36.429
61.9244, 9.69191, 37.0282
38.2455, 27.588, 10.8555
40.4912, 61.3576, 40.8149
58.8277, 42.1568, 4.72959
58.5982, 11.6244, 61.7954
49.9727, 11.3527, 25.8914
18.9143, 9.10567, 44.7502
3.02173, 10.3761, 47.7786
31.8775, 43.8419, 40.7625
44.4298, 0.41448, 3.98464
38.8014, 56.9974, 12.9284
29.3348, 39.1607, 34.2689
52.3103, 36.18, 53.4314
32.6058, 52.869, 47.7747
3.95123, 54.7046, 63.3926
49.339, 33.4489, 35.7025
30.3041, 28.3301, 36.5734
50.305, 35.3732, 55.6403
30.6063, 2.30527, 62.2604
34.1786, 43.4209, 49.328
58.9976, 15.3827, 48.3153
49.9457, 14.9822, 46.5921
59.7295, 51.61, 13.6734
12.6152, 14.445, 48.2009
24.9598, 45.4297, 14.3993
7.29842, 25.903, 5.76297
14.7388, 16.652, 9.07822
43.751, 63.7662, 26.2804
10.0047, 16.5843, 48.197
18.4035, 14.2225, 59.6841
24.654, 2.62331, 31.4789
53.804, 38.014, 24.7201
59.6704, 9.35523, 49.4901
45.5498, 45.322, 1.36434
37.7531, 34.0874, 54.858
29.1784, 17.4208, 4.55554
54.6319, 58.5001, 40.1812
54.9572, 28.5729, 6.18572
21.3337, 10.716, 59.5079
31.5291, 10.8548, 10.5945
47.6957, 30.5974, 40.6119
58.6481, 44.0114, 60.0618
35.0818, 15.4565, 63.3424
58.2829, 49.2731, 36.7778
49.4281, 45.3687, 37.916
27.0994, 51.547, 21.4765
49.9415, 40.91, 13.2475
46.2493, 46.7705, 17.2509
39.8596, 32.322, 12.6169
8.19471, 1.38797, 0.710439
14.1875, 16.3248, 58.6904
4.21429, 46.7705, 49.0838
39.9402, 60.8146, 56.2117
22.3478, 48.3127, 26.5741
45.7883, 14.4382, 63.1944
15.7026, 0.888343, 8.68563
2.4669, 28.3042, 45.4099
18.2972, 31.8569, 35.9792
55.9755, 11.6737, 17.7463
11.8849, 12.2524, 19.1945
47.2993, 17.4481, 9.78471
46.2708, 37.1499, 45.2469
24.6321, 13.0809, 16.859
7.32681, 60.018, 0.573806
12.3561, 51.9987, 8.2348
53.9994, 1.42281, 22.3181
7.67167, 2.60002, 50.2185
4.50554, 49.5555, 63.3477
41.8216, 25.4333, 3.77479
22.8928, 12.0949, 27.5812
3.06822, 25.4181, 50.5042
34.356, 14.7008, 13.9394
32.1709, 7.99449, 48.6535
62.6712, 11.7588, 7.14829
43.1139, 34.6204, 57.879
14.8098, 52.8974, 40.0319
19.5176, 62.9297, 52.8053
12.4867, 26.8765, 46.8539
14.7013, 61.6497, 16.0803
21.4076, 33.9197, 31.8886
38.2502, 28.108, 37.6115
41.5246, 40.657, 23.1153
31.7961, 3.42303, 48.3136
34.9872, 23.5568, 15.4569
54.6404, 9.49818, 31.958
12.4523, 4.17899, 15.6975
49.1777, 7.63008, 39.1179
48.8236, 29.9982, 45.2878
23.8811, 57.4191, 18.715
25.8383, 9.94867, 8.99301
34.7933, 20.2976, 45.5047
8.75259, 53.3251, 35.2687
17.427, 8.44056, 26.4996
36.7642, 42.19, 56.0795
24.9235, 28.0214, 61.686
55.7724, 31.6352, 42.4681
24.9341, 45.568, 11.9505
34.9754, 62.1841, 50.0066
47.2143, 21.3278, 22.1316
61.7422, 63.5782, 27.0353
48.0556, 0.557663, 5.08106
36.2511, 44.9353, 56.3113
50.2651, 18.5466, 61.7187
13.4227, 18.5782, 9.58341
7.51634, 5.40137, 0.546727
26.2439, 9.17221, 46.8231
29.4213, 15.2018, 0.398344
7.32414, 53.3812, 39.3725
30.2617, 9.22086, 18.8819
42.3594, 34.1886, 20.1382
16.0968, 36.6061, 28.303
5.37061, 5.48092, 27.1407
21.6019, 44.4579, 18.5952
14.246, 0.43712, 5.03872
51.1824, 36.9405, 29.0273
8.46017, 57.8997, 9.03031
8.58257, 2.09929, 24.0246
0.549075, 12.1707, 9.93869
32.4157, 11.2029, 26.5528
59.5328, 37.5086, 12.2293
33.6248, 49.9272, 7.62122
49.9011, 6.37747, 1.95957
8.97255, 61.8476, 2.84276
53.8945, 34.0563, 6.77827
49.937, 25.8578, 11.9685
15.1221, 33.2039, 16.6059
7.17093, 3.28477, 31.3278
43.0565, 33.4885, 51.7562
25.3971, 20.6736, 4.47179
58.5898, 13.4552, 37.773
12.6, 6.16621, 29.2116
24.1137, 61.3964, 30.1394
63.815, 18.9818, 27.182
35.9718, 43.551, 38.7912
57.0236, 53.4038, 33.1458
24.4656, 15.5007, 21.8004
6.09225, 40.8771, 3.72466
6.86286, 41.0737, 0.918592
6.06269, 54.0366, 0.898979
43.6711, 14.8891, 45.9655
12.0194, 17.0141, 59.0999
58.493, 45.1681, 44.7489
51.8319, 19.4875, 39.0108
55.4529, 60.1225, 57.6993
13.8984, 27.6955, 29.9191
56.5746, 10.9655, 0.861964
52.1086, 28.351, 48.897
41.9493, 32.9504, 60.6695
58.4465, 51.8752, 39.0641
16.5234, 36.1181, 18.651
30.0711, 52.9746, 38.8018
53.2486, 53.1385, 40.9706
11.184, 0.267489, 32.3775
53.8417, 15.0538, 8.13203
42.2222, 62.8429, 62.603
48.4993, 32.4857, 35.0969
62.4004, 35.9666, 8.87685
7.58869, 31.2942, 63.6164
39.0119, 3.65224, 16.5763
26.2648, 56.0226, 59.2233
38.7146, 34.9494, 50.218
60.1134, 34.9778, 8.84589
61.3906, 51.266, 25.9338
28.4026, 38.0574, 14.1072
7.16979, 51.8785, 57.4665
18.7697, 46.1875, 14.566
3.11584, 36.328, 23.5512
57.8123, 42.0665, 55.0063
55.3515, 49.8074, 3.34185
61.7772, 42.8443, 3.05141
17.418, 50.7583, 7.50065
35.3765, 58.2361, 14.5596
23.2043, 63.867, 4.6131
21.3844, 4.11473, 25.639
54.1059, 45.0246, 14.6535
33.8606, 59.0063, 57.2758
29.2151, 59.0986, 9.57527
9.93533, 50.5122, 28.9348
54.3103, 47.6531, 53.5381
39.0282, 45.7408, 25.3155
23.914, 35.2966, 48.7779
18.1528, 0.901995, 11.0435
7.16012, 1.70683, 53.2727
7.83813, 57.9154, 39.1669
16.7161, 15.6076, 10.8978
12.7229, 53.1609, 30.1661
7.66072, 33.1526, 49.6076
12.1972, 24.4449, 47.0673
12.0863, 25.6971, 45.2045
9.33103, 4.03229, 20.9241
52.7833, 13.9204, 12.9917
42.721, 48.6565, 19.5421
10.6673, 0.156182, 62.2996
5.45786, 32.2662, 32.9472
37.6666, 52.3479, 9.27402
54.8314, 18.2497, 23.9928
0.631168, 26.493, 1.50472
32.468, 46.001, 6.47394
21.82, 60.3075, 50.5613
60.3466, 51.0321, 9.19256
51.9643, 27.1508, 51.0813
51.7464, 56.4369, 6.29131
10.1116, 57.3261, 52.4579
57.9119, 47.7702, 45.9651
9.75835, 31.5848, 45.3028
8.41194, 9.77706, 21.4773
50.4899, 0.371238, 21.8364
38.3403, 17.6209, 50.8122
19.9671, 52.9723, 22.5462
18.1369, 39.5441, 41.25
31.4513, 47.5948, 31.7871
55.2439, 5.35767, 61.1794
17.2367, 43.8897, 34.4804
12.7977, 42.8526, 11
53.2255, 54.3457, 52.9561
27.9122, 34.1074, 47.6321
2.16574, 6.82574, 13.9966
61.5359, 42.6374, 22.4042
17.3341, 42.9814, 44.1649
23.7511, 22.3959, 53.3897
9.06051, 13.9383, 35.0337
12.5817, 61.2251, 2.84524
21.5336, 42.2065, 50.5703
28.6331, 61.9461, 20.3014
46.6497, 1.66447, 44.9936
13.056, 33.5047, 34.5742
39.2306, 2.86048, 34.924
11.844, 16.1458, 33.9585
62.5224, 47.092, 60.4833
18.3455, 38.6754, 63.9889
4.09713, 57.0379, 36.1173
51.8337, 41.2554, 13.137
10.0568, 48.5431, 55.7565
63.119, 6.51533, 18.55
62.5874, 19.6933, 56.0918
0.718069, 1.31323, 55.1476
52.4947, 58.1381, 18.5665
58.6241, 40.2462, 11.0585
11.6722, 1.42751, 34.2154
43.2002, 1.82081, 36.1149
12.737, 16.6523, 20.6879
10.1522, 3.10901, 9.69312
2.71753, 31.0453, 2.84897
39.705, 48.1493, 37.7615
49.1402, 16.1328, 31.1736
55.6151, 48.9333, 26.1916
50.4763, 6.50719, 63.067
16.2666, 3.43122, 51.5313
6.13388, 26.9846, 18.3617
63.3039, 53.3986, 50.294
9.75122, 12.761, 25.2418
3.16529, 10.8816, 27.0829
12.4302, 21.59, 36.7875
32.5605, 52.5451, 48.7254
5.20185, 38.5311, 61.8182
12.2225, 25.3995, 28.5519
40.4806, 35.8608, 32.6779
41.4817, 16.2093, 10.6362
61.3082, 61.7645, 17.9404
6.48197, 9.06273, 55.7609
29.5096, 19.2352, 10.3676
33.5668, 35.7279, 6.72521
19.9688, 20.4842, 13.9768
63.7615, 20.5124, 37.9534
0.0590128, 37.2251, 59.7566
18.8309, 25.3143, 45.6918
3.03754, 46.6315, 41.3932
58.303, 9.62584, 32.3555
60.0818, 33.0256, 47.2418
23.3013, 60.2989, 54.3676
50.7488, 12.0101, 8.69823
48.763, 46.3239, 23.2891
18.8199, 51.8275, 42.4212
7.03706, 1.42741, 62.5274
1.87482, 19.6902, 55.8915
37.988, 7.12447, 53.3335
14.5054, 21.13, 46.7604
60.9998, 35.4306, 51.3028
16.3337, 50.2433, 48.3333
11.0535, 39.5187, 24.6599
51.8202, 10.5046, 14.9344
62.3734, 24.2845, 13.7043
29.4624, 56.8703, 31.5366
7.81522, 26.7257, 8.3978
39.388, 53.6086, 54.8866
33.4366, 45.3589, 21.4318
40.6174, 55.8331, 58.8126
18.4829, 53.6229, 52.2007
19.0899, 1.20829, 37.6421
42.7222, 36.8723, 42.5714
53.9811, 23.2142, 25.4807
48.8682, 58.5958, 1.53534
2.05542, 27.4949, 38.1868
63.3702, 45.7764, 54.4233
36.2065, 5.32818, 16.8095
27.7815, 22.7032, 58.7135
50.084, 47.7483, 6.49157
10.2153, 38.0947, 48.7529
5.1174, 52.359, 25.1953
7.97571, 4.07503, 31.602
21.4411, 26.6567, 46.8016
2.10323, 12.7466, 20.5631
32.416, 39.6152, 57.4119
35.0656, 8.59002, 37.6093
16.7954, 58.7725, 20.3769
49.5189, 14.8807, 2.24029
20.9748, 34.2797, 13.3154
28.9723, 60.0395, 58.0463
58.7066, 32.6279, 8.25051
40.4091, 26.6018, 58.2461
2.15578, 21.3268, 12.2207
0.425813, 41.2968, 52.284
54.8298, 37.1157, 40.3175
37.1317, 43.3619, 9.37536
1.67565, 62.4775, 20.2428
42.8853, 28.791, 18.7503
63.5238, 27.09, 16.2674
17.9265, 29.9091, 47.3516
14.2584, 42.467, 16.9703
61.1635, 18.5361, 42.4429
20.6408, 35.3218, 6.83553
54.6451, 9.46585, 8.94804
25.3121, 22.0073, 42.5997
44.9161, 46.839, 57.501
18.9744, 53.3154, 62.7248
34.5499, 12.3972, 53.8265
60.7958, 46.6226, 60.3048
35.3969, 53.4737, 35.4647
59.5118, 51.4887, 10.5265
49.914, 14.6397, 59.2729
10.2381, 16.1936, 3.82337
51.9417, 17.7746, 50.5025
5.81622, 16.458, 20.3073
9.28926, 48.5249, 9.24762
50.2168, 33.1602, 41.0372
28.375, 15.0708, 22.0322
2.33168, 14.5945, 14.4666
28.4451, 24.0063, 14.7876
58.5479, 34.2639, 59.747
50.4787, 5.56076, 57.9339
37.2911, 31.4062, 46.955
21.8122, 36.583, 37.1232
40.3177, 46.4972, 38.1083
37.3451, 43.3752, 11.5134
50.2174, 21.2217, 4.4374
36.4005, 7.10526, 23.5451
2.00016, 0.424331, 44.4263
13.2455, 59.6861, 59.3954
37.3954, 51.4316, 43.321
48.7432, 16.235, 31.5521
2.5911, 57.8123, 30.2418
47.3379, 25.7556, 14.4972
2.70959, 50.7272, 10.2141
44.3619, 38.3567, 57.1684
30.5796, 51.287, 53.9755
52.687, 48.722, 25.7128
17.3995, 48.9149, 40.9297
29.5436, 5.08014, 50.9252
10.0489, 44.6405, 6.39902
47.3885, 1.35521, 47.9672
21.9733, 21.0371, 55.261
7.72786, 46.2148, 50.3221
31.3401, 14.3842, 15.09
32.2595, 54.0609, 26.3306
59.002, 31.3997, 11.2993
35.943, 23.2907, 57.7055
17.9157, 15.1802, 52.796
16.9294, 23.8289, 43.3996
21.0476, 22.269, 41.4892
30.6883, 35.9025, 14.9384
37.8476, 23.098, 12.2912
46.8944, 57.1718, 40.4172
9.96889, 43.2287, 53.067
53.9159, 11.0561, 5.81487
52.3791, 37.2161, 58.9998
31.2529, 29.5802, 60.9649
42.8307, 33.3796, 10.3887
28.08, 2.4293, 7.79116
62.224, 62.4749, 49.2502
0.0141634, 40.8578, 57.0583
53.5415, 34.1609, 28.3465
50.3822, 45.5876, 32.7706
14.6638, 24.7625, 26.4069
32.9492, 11.7821, 14.7047
19.9026, 15.1961, 26.5983
20.2556, 43.3188, 13.4337
12.2859, 51.7226, 46.7066
21.9844, 40.8797, 37.0304
60.8221, 9.05414, 32.1229
8.24249, 13.7278, 55.9042
57.4572, 31.3608, 4.18067
40.0921, 21.9501, 39.4006
32.1447, 59.529, 35.375
18.4256, 63.2888, 30.9399
22.8788, 1.33015, 27.4526
50.3922, 29.9387, 39.0156
38.1865, 49.8024, 53.7277
39.7124, 4.22849, 56.6697
19.5168, 10.4617, 33.08
53.437, 30.8766, 37.2749
52.3392, 0.180762, 52.4739
9.37435, 21.8581, 7.84764
12.1418, 35.8376, 33.0949
9.94103, 14.8133, 41.237
17.7916, 24.9773, 52.7268
31.6938, 49.7865, 42.9982
41.4469, 53.5145, 35.515
36.2461, 61.0846, 18.2838
42.223, 43.6166, 25.3864
8.51619, 14.2413, 61.1292
35.4509, 10.1725, 12.0849
46.0789, 52.1786, 43.1263
17.0041, 9.44015, 1.80734
7.6647, 63.1412, 25.6141
19.1993, 61.4611, 27.4586
36.3365, 63.6682, 16.5886
26.5277, 47.6547, 19.423
4.81038, 12.3988, 15.7209
4.58934, 61.8926, 25.7499
56.8162, 17.9348, 12.0454
41.2861, 59.9624, 28.268
37.515, 46.0924, 61.9014
38.675, 34.5688, 34.4429
43.7478, 20.6347, 20.1195
13.8503, 59.9961, 29.4033
55.6669, 34.7004, 7.2436
27.3884, 60.1176, 0.159299
19.3375, 41.2563, 48.5882
0.68819, 22.7773, 58.0078
39.0881, 42.0474, 58.581
46.1605, 21.1154, 47.4376
30.0389, 11.4435, 60.14
54.3436, 4.8782, 34.4452
60.0421, 28.4856, 10.3101
13.6159, 54.5232, 9.20702
48.5646, 35.3986, 58.4091
40.8964, 19.9068, 18.3155
52.4428, 2.74649, 24.3856
27.5795, 0.202784, 11.344
50.2191, 7.85272, 45.6098
16.3515, 5.43738, 44.9375
30.805, 28.0089, 41.3566
47.4031, 50.7376, 59.5937
9.01759, 56.5566, 45.2175
41.0092, 47.0272, 27.9759
18.1441, 42.6154, 63.0003
11.1022, 63.7842, 0.416408
13.6146, 58.3705, 31.3293
19.1032, 28.3743, 15.9038
62.4166, 43.5039, 18.1698
45.5343, 43.609, 2.01939
51.2611, 1.26178, 41.9805
30.2643, 63.9545, 19.5776
11.6432, 55.8226, 52.8914
30.954, 29.8994, 23.9828
12.313, 52.6325, 39.4967
7.09216, 44.9403, 20.4894
48.9855, 41.073, 45.274
16.7486, 33.9972, 27.7125
12.7129, 58.7717, 47.6385
10.8803, 43.335, 16.4916
14.359, 58.7571, 41.973
41.3837, 29.3963, 39.8914
23.3449, 0.158038, 55.0322
1.07373, 0.763895, 56.0954
49.415, 16.5407, 28.8968
50.9639, 12.9596, 37.5637
5.12466, 43.921, 10.393
50.5274, 50.5636, 61.9776
52.6841, 14.3958, 30.86
13.6362, 61.1539, 47.7173
52.5329, 58.1439, 47.9169
10.1043, 51.7643, 17.248
62.1899, 16.1671, 59.4339
62.995, 41.6647, 17.6252
8.84502, 4.38627, 56.0285
30.6094, 57.2223, 12.3697
38.2874, 5.40537, 6.48388
2.84205, 35.4262, 45.7483
16.3416, 47.9141, 48.5317
0.208619, 43.9491, 29.2257
52.3878, 14.4009, 58.4327
14.7837, 51.7305, 57.6868
15.2426, 24.4104, 59.4885
1.16715, 26.2486, 45.1456
5.87053, 19.16, 34.4988
12.4324, 57.5134, 39.7453
4.02178, 14.1426, 50.8212
12.6544, 53.5839, 23.2289
12.869, 11.0349, 10.4597
41.9783, 37.8466, 23.686
7.85258, 49.3651, 52.5807
33.9911, 46.2536, 30.0225
17.5178, 49.1516, 20.7555
26.7029, 61.5322, 40.983
36.6525, 56.1954, 24.2866
43.6224, 46.9425, 8.43298
14.6784, 10.2032, 55.187
48.1697, 55.0184, 61.1914
16.0165, 39.779, 51.7064
1.04279, 11.8917, 54.5854
45.8097, 5.55748, 39.2263
39.0847, 45.0387, 18.0428
35.4176, 7.88082, 13.5515
32.2361, 53.5587, 19.7709
53.9114, 26.8307, 10.7611
57.5441, 42.0009, 9.90292
6.23744, 58.9525, 31.7092
62.9888, 41.9668, 44.8073
1.07379, 37.8763, 13.1049
63.9059, 4.42203, 0.435209
58.789, 47.5313, 31.2955
32.0463, 25.814, 32.2423
22.9234, 57.3707, 24.8096
10.8449, 41.4959, 26.403
11.046, 42.8464, 28.0391
6.49899, 56.128, 9.46666
55.2714, 50.403, 2.11725
1.97234, 23.743, 25.1523
7.70858, 23.7347, 6.34419
62.4878, 4.75652, 28.9992
55.8913, 54.0148, 54.6059
42.3004, 8.4853, 11.647
5.61965, 24.0429, 19.8156
23.1413, 62.3574, 26.5792
27.9946, 50.3041, 56.0477
50.6976, 11.8296, 63.1205
45.6683, 60.9327, 34.4467
29.2309, 8.03404, 53.8835
15.4158, 60.592, 53.2352
16.5459, 15.1595, 11.2454
31.174, 63.038, 51.7361
28.7106, 51.2854, 20.9178
45.4275, 35.7623, 25.1168
4.79483, 46.5643, 61.4148
63.0364, 61.5837, 37.7142
56.1535, 51.5655, 36.4113
35.8109, 53.2787, 11.089
16.159, 48.2625, 33.6928
35.6448, 9.72272, 31.017
18.3104, 43.6159, 13.578
15.7962, 44.0502, 51.0756
43.2326, 50.0691, 13.2468
62.1775, 31.1743, 45.7698
18.2356, 9.45944, 32.5731
12.3319, 38.1501, 25.4903
18.4535, 53.1648, 32.5285
6.35063, 37.7563, 4.32849
9.65615, 24.9971, 31.3741
44.7322, 46.1625, 2.0058
45.9694, 0.13835, 26.9911
3.35931, 11.7609, 26.5632
12.8582, 49.9642, 35.2692
36.2063, 2.70971, 22.2571
38.4018, 38.0574, 3.65742
33.4733, 29.9819, 54.6736
24.3298, 19.6794, 50.7282
50.5243, 46.8806, 60.8771
62.972, 46.776, 60.0287
52.5577, 14.6703, 30.7085
10.2662, 40.2516, 59.4973
31.5397, 23.318, 3.09784
55.1604, 14.3626, 19.6991
28.9808, 34.1965, 46.7998
30.5358, 55.9632, 15.8576
57.8254, 46.6615, 32.8337
46.2616, 0.574409, 18.7446
4.79418, 49.1152, 4.66441
23.7343, 30.7476, 42.7876
59.0271, 1.16712, 16.1403
48.0669, 31.3959, 39.676
53.9813, 53.3019, 10.2947
26.9329, 16.9607, 31.1135
39.4041, 16.6008, 56.6619
49.8385, 55.382, 15.2989
56.9311, 31.8726, 30.5641
16.1439, 25.0379, 35.4295
53.2807, 49.8608, 31.0702
26.4337, 3.98228, 37.0455
59.4714, 3.14386, 35.28
22.0483, 32.3495, 42.0077
55.5502, 20.3635, 43.4272
12.9035, 60.9094, 16.2253
45.5364, 28.5903, 7.42039
55.189, 52.107, 52.2055
41.1838, 25.1341, 56.8591
32.7281, 51.9387, 4.67289
38.2108, 5.95882, 21.0667
15.3176, 55.1562, 32.9673
11.8521, 2.37421, 47.1343
15.0252, 46.1756, 18.6272
53.7635, 2.30891, 26.2305
19.7542, 40.0244, 56.5622
18.9871, 28.6096, 31.4294
47.2965, 36.5659, 39.84
39.2524, 33.1918, 19.67
62.4384, 52.0082, 62.1369
45.429, 43.9332, 36.8311
7.51699, 11.355, 61.0979
42.1338, 35.9508, 56.5869
35.572, 25.0372, 14.8907
21.217, 31.2023, 32.4772
23.0651, 19.1548, 59.6669
46.2533, 50.4989, 56.4687
20.7672, 15.6272, 60.3288
26.1545, 22.8342, 46.8298
27.1421, 49.3458, 5.61208
10.1654, 57.4779, 14.7402
39.4098, 38.9049, 55.2362
58.2807, 39.1782, 5.34263
18.5545, 57.4531, 26.7915
22.4598, 20.3148, 38.0951
29.8112, 39.7404, 58.9659
18.4448, 61.7362, 30.4802
46.7798, 9.20074, 21.794
60.3932, 25.428, 46.3393
29.7324, 21.4554, 62.8226
11.3921, 15.5803, 12.3546
16.8509, 51.0054, 35.5034
19.7565, 61.0843, 11.7971
7.54751, 57.186, 23.2015
19.0374, 59.0236, 29.1465
42.6767, 45.3661, 59.2968
44.9478, 8.92185, 21.1169
10.8744, 22.8801, 22.5563
63.4627, 26.314, 25.6657
62.2488, 25.7542, 5.19026
26.154, 43.1844, 41.9617
59.0267, 38.4495, 29.3263
59.5033, 36.8898, 10.585
26.4439, 52.182, 20.4907
16.0806, 50.3506, 34.5784
34.7167, 36.4453, 21.7516
22.6745, 38.2506, 8.02648
14.9981, 60.4432, 13.2093
19.8503, 15.3169, 12.4471
49.6292, 50.8692, 25.1949
22.1277, 9.67496, 21.7663
23.3092, 0.0150729, 58.1025
51.2954, 10.9892, 50.5228
23.6626, 25.3777, 62.4079
11.1408, 42.9441, 36.3558
37.1352, 20.3971, 33.1639
60.6221, 52.702, 44.554
22.5929, 1.9139, 3.74767
36.2648, 22.4431, 21.2942
57.6526, 50.0497, 59.6878
3.31816, 63.4652, 41.4375
22.8052, 59.1364, 34.3466
12.858, 58.1985, 39.346
37.2801, 18.4307, 33.3142
35.6598, 56.1401, 48.5033
34.1127, 17.3549, 4.62037
57.9183, 9.09049, 56.831
14.1721, 2.84972, 4.35357
20.6061, 7.11248, 24.5313
31.9203, 11.6283, 40.0415
18.3453, 18.5028, 63.307
23.702, 47.0961, 38.0069
16.1267, 35.1296, 63.9828
4.35262, 62.3798, 11.8978
54.1687, 7.5377, 57.8532
36.0613, 4.00703, 61.2855
23.5359, 38.7524, 37.2217
4.76107, 50.5967, 58.9179
45.6993, 5.73712, 55.0062
43.2717, 2.65817, 58.2348
31.128, 63.4734, 45.5702
55.2808, 27.0188, 42.6286
55.2248, 23.4641, 56.1024
8.66037, 5.04195, 49.3411
7.29925, 55.7321, 57.7354
12.0567, 55.3466, 43.8418
62.2655, 23.0567, 21.9045
33.903, 37.946, 37.2693
49.4736, 45.0911, 19.6892
25.1054, 60.9012, 7.05687
4.07215, 23.5343, 15.0891
20.6222, 9.48705, 48.6737
39.7639, 2.98692, 13.3223
28.1117, 63.1741, 56.1132
0.608889, 45.6561, 13.3013
44.0738, 11.0592, 40.7482
60.4196, 59.303, 63.1953
8.84109, 44.3522, 39.0664
20.9299, 53.9892, 6.59158
21.9521, 60.658, 37.605
45.3797, 53.1723, 49.1256
34.9377, 38.8612, 29.6424
49.132, 3.28992, 33.4343
46.2212, 47.746, 31.6062
53.6166, 5.86502, 40.7332
51.183, 12.8794, 45.0446
46.1227, 35.0874, 19.2176
48.6752, 15.1009, 48.3061
30.7904, 54.684, 13.542
7.71789, 0.797745, 63.5848
43.3024, 39.1573, 8.51517
10.6574, 56.5879, 33.2882
29.1177, 8.90849, 48.9139
49.176, 45.8529, 58.9334
8.47125, 47.833, 50.3999
25.1069, 2.1451, 43.4133
40.9945, 43.2113, 37.669
50.2675, 20.6869, 59.1092
30.2465, 22.9936, 0.466255
17.9512, 27.8101, 15.3048
24.6648, 34.7576, 27.6006
17.6195, 11.3279, 44.9336
15.6949, 28.674, 17.4849
52.6748, 18.0003, 63.4796
49.2314, 43.9676, 41.3808
33.6217, 49.5612, 25.1158
17.2343, 41.753, 56.9632
42.2983, 59.2193, 1.26451
48.7828, 31.4819, 47.9517
49.7405, 1.69212, 62.4163
47.3231, 32.0239, 30.9263
18.737, 30.3055, 48.6753
51.3096, 7.41135, 33.6329
24.715, 35.412, 11.6858
27.0894, 22.0282, 12.4183
29.2455, 46.095, 58.5698
4.48646, 33.9783, 29.919
49.225, 41.2731, 20.9379
1.13908, 45.3701, 46.5526
49.4912, 14.3936, 36.9882
39.2579, 63.9988, 36.4966
37.3724, 29.6065, 63.6511
32.4469, 27.281, 27.4935
63.9019, 55.7683, 59.6832
11.22, 60.6216, 29.4159
53.0128, 24.6958, 1.87495
28.7811, 41.3437, 39.9073
49.3866, 51.6209, 36.9863
42.0194, 19.2937, 19.7516
11.2098, 16.8189, 44.1808
1.73351, 42.9362, 39.3638
19.2964, 42.0296, 35.0479
14.548, 61.5209, 9.49818
2.77735, 16.7442, 6.28639
52.1635, 60.9613, 58.9591
25.3935, 62.049, 49.2654
13.6631, 5.44713, 8.14985
22.9425, 53.7446, 60.2543
37.9854, 36.4734, 41.755
23.2871, 41.4125, 12.0274
58.0123, 48.0297, 43.8396
41.4833, 55.3319, 23.8384
48.6992, 29.0894, 52.1283
2.60564, 16.7131, 3.49567
59.7677, 14.5269, 44.2432
15.6604, 42.6979, 55.6491
60.3499, 34.1422, 20.6981
