1000    100
49.0871   46.7808    37.4081    1    -1
78.1804   55.0424    48.7082    1    -1
84.2046   80.8639    34.5721    1    -1
16.488   93.4982    13.31    1    -1
44.1321   61.3326    61.4997    1    -1
43.3063   15.8419    21.936    1    -1
34.615   15.3798    41.4363    1    -1
8.34945   39.657    7.17213    1    -1
12.687   56.6413    61.6756    1    -1
6.84027   89.5072    98.9985    1    -1
56.8105   43.0898    56.8319    1    -1
66.6049   37.0601    34.5805    1    -1
9.747   51.3017    84.328    1    -1
54.5231   24.3984    30.221    1    -1
68.945   61.4382    12.4553    1    -1
80.1333   33.8807    9.538    1    -1
0.367329   82.6114    13.6868    1    -1
26.8422   22.3102    41.2097    1    -1
7.2847   14.5264    95.6921    1    -1
35.1717   92.3113    3.11337    1    -1
90.8844   73.221    15.9144    1    -1
87.1986   18.6198    62.645    1    -1
87.5518   94.9827    51.0696    1    -1
68.4919   43.6459    67.3332    1    -1
55.9787   62.77    12.1979    1    -1
63.177   28.1561    67.3528    1    -1
5.4067   83.3844    30.5313    1    -1
1.93443   8.86411    64.6671    1    -1
77.3751   19.0943    92.6283    1    -1
21.3646   36.7577    39.7447    1    -1
81.9451   21.5526    2.94536    1    -1
98.6278   55.0139    38.7129    1    -1
94.0071   39.2719    14.1171    1    -1
99.3426   18.3718    55.1288    1    -1
75.8228   75.2801    2.02817    1    -1
3.94817   25.2573    10.411    1    -1
3.3374   91.023    65.2834    1    -1
29.2737   58.3941    34.2966    1    -1
17.0876   37.5817    58.3773    1    -1
40.4826   59.2368    4.69716    1    -1
47.0819   54.7831    43.543    1    -1
82.2323   23.8198    9.76841    1    -1
82.2859   83.6262    27.8931    1    -1
11.7085   9.79058    12.9151    1    -1
27.766   2.07849    34.9116    1    -1
51.538   79.7381    34.738    1    -1
30.1795   56.9787    84.4527    1    -1
2.00381   63.8781    12.9042    1    -1
28.9613   9.62729    50.2265    1    -1
99.8638   27.7072    48.2917    1    -1
35.078   81.2213    61.6516    1    -1
43.5326   54.2285    36.7334    1    -1
10.2389   85.7959    58.6169    1    -1
33.7303   15.3095    87.6048    1    -1
64.1487   31.4009    31.4768    1    -1
6.27881   82.4535    67.4977    1    -1
3.79766   63.3853    30.3189    1    -1
77.3876   52.5665    10.8065    1    -1
53.2155   47.4288    81.6681    1    -1
77.3944   7.21904    35.0771    1    -1
42.4815   0.844244    97.4669    1    -1
5.08109   89.5503    20.5307    1    -1
8.35386   99.8063    37.8546    1    -1
94.2697   71.6536    35.0019    1    -1
27.0207   50.4774    1.75321    1    -1
18.6201   52.0056    72.1378    1    -1
2.68084   30.8941    40.4115    1    -1
12.1444   19.7725    24.6144    1    -1
80.9017   55.7848    64.8147    1    -1
5.95973   54.8348    80.5613    1    -1
76.5604   74.229    71.4399    1    -1
14.4299   30.4683    65.7436    1    -1
45.0777   12.6147    22.5529    1    -1
56.1265   11.4036    90.0805    1    -1
82.3121   14.6751    23.8734    1    -1
79.634   40.7012    98.3363    1    -1
91.9721   71.4826    95.1363    1    -1
68.6516   86.4084    71.1149    1    -1
37.8418   99.2823    91.4246    1    -1
24.2167   26.7842    2.51075    1    -1
8.31026   44.6858    34.4062    1    -1
62.3776   31.2786    87.2417    1    -1
13.8265   23.8334    34.871    1    -1
83.2737   66.8672    8.46033    1    -1
32.6672   82.0082    95.6045    1    -1
50.9403   94.2493    54.4387    1    -1
46.3632   51.0472    67.9764    1    -1
49.1257   27.0312    76.9731    1    -1
29.8883   29.3998    26.9577    1    -1
7.925   25.4489    86.5027    1    -1
93.0934   96.6846    3.74977    1    -1
80.7256   85.4492    99.6706    1    -1
11.9494   10.3986    52.8313    1    -1
24.7441   5.89779    4.34412    1    -1
82.0865   7.44493    65.8075    1    -1
26.6981   65.3024    45.0192    1    -1
30.5985   20.0684    91.0965    1    -1
43.2468   9.32015    42.2983    1    -1
14.3387   1.08787    50.7375    1    -1
90.8736   76.5614    25.484    1    -1
48.7793   92.8331    60.9191    1    -1
52.5232   21.1522    92.1906    1    -1
53.8438   45.8203    53.6609    1    -1
99.7687   19.7496    82.5224    1    -1
4.98204   89.2886    16.5147    1    -1
30.9549   43.4678    44.6432    1    -1
96.6286   66.8273    86.2008    1    -1
21.818   41.127    49.2421    1    -1
50.0496   44.5344    72.4563    1    -1
66.8196   45.6536    64.6255    1    -1
82.1605   38.2266    50.2106    1    -1
33.5783   29.8892    15.9332    1    -1
36.1616   2.91646    28.3866    1    -1
9.21733   82.8396    32.7937    1    -1
74.8244   93.3493    92.2271    1    -1
33.4677   12.622    91.5275    1    -1
22.5625   92.9467    90.8118    1    -1
21.9623   56.0288    46.2988    1    -1
9.49736   72.6444    3.62765    1    -1
36.4293   16.0758    56.7204    1    -1
84.1164   81.2349    42.0324    1    -1
89.6415   26.718    96.7736    1    -1
66.1741   29.0162    84.2674    1    -1
17.2123   93.5642    39.1873    1    -1
2.27883   71.1491    45.6306    1    -1
80.3403   4.82522    23.1525    1    -1
26.3884   8.00707    22.4356    1    -1
41.9182   87.2962    26.3262    1    -1
91.6001   57.2682    77.7429    1    -1
30.9189   14.8566    18.8767    1    -1
10.6898   53.2995    20.3006    1    -1
77.8717   85.3404    29.6608    1    -1
25.0881   39.9098    0.445359    1    -1
13.5809   76.5881    3.99969    1    -1
12.3333   37.8285    17.8975    1    -1
61.9145   3.6975    6.36798    1    -1
58.3662   59.7684    63.551    1    -1
33.3932   20.3838    35.5405    1    -1
77.2967   39.616    17.3794    1    -1
35.6509   89.8267    52.2239    1    -1
11.0156   53.2739    60.5009    1    -1
68.2008   56.8444    28.3114    1    -1
7.50901   32.6885    46.4909    1    -1
68.7817   90.7431    7.44278    1    -1
87.5494   65.9904    98.4722    1    -1
62.4368   69.8058    13.0163    1    -1
43.9158   4.79143    18.3127    1    -1
42.4523   17.3516    99.3039    1    -1
50.3106   42.5374    64.4816    1    -1
86.5712   26.623    85.7116    1    -1
88.6695   18.9286    69.7776    1    -1
31.2009   12.6542    28.0465    1    -1
19.5524   69.4039    78.0613    1    -1
31.9134   27.5009    48.2593    1    -1
1.70266   5.5883    30.1697    1    -1
61.9305   55.5296    94.1314    1    -1
73.3802   38.7    38.0069    1    -1
88.0805   36.3211    36.0299    1    -1
67.3611   96.4018    37.1627    1    -1
25.1554   9.62969    50.8407    1    -1
34.0361   71.0782    45.0668    1    -1
79.2809   26.589    42.7302    1    -1
32.9766   16.4683    45.3164    1    -1
87.2359   47.6238    77.7018    1    -1
50.7898   2.8077    37.5672    1    -1
26.6452   67.1098    36.5235    1    -1
10.3368   54.8263    28.3668    1    -1
84.942   11.7551    23.5183    1    -1
48.4743   36.4971    2.96888    1    -1
59.2054   93.6504    13.4271    1    -1
87.7541   94.5633    89.961    1    -1
15.2297   65.1321    22.3099    1    -1
35.5442   66.5226    40.5662    1    -1
38.3032   40.9827    26.5641    1    -1
62.3452   71.8908    58.0049    1    -1
64.7816   36.4587    91.5541    1    -1
25.7509   64.3377    95.4198    1    -1
98.3516   51.7465    32.0908    1    -1
98.215   97.1604    61.7613    1    -1
47.7632   65.4936    63.3613    1    -1
56.4919   13.4722    14.333    1    -1
49.5958   99.1246    58.0068    1    -1
74.233   83.2762    18.6092    1    -1
20.2103   69.2344    30.4408    1    -1
19.8457   14.9914    11.1836    1    -1
92.1114   76.6872    43.136    1    -1
75.4359   38.6533    73.2144    1    -1
11.6107   30.3008    11.9463    1    -1
47.1499   34.8556    75.0657    1    -1
41.9111   47.666    41.371    1    -1
42.3774   20.3408    58.8419    1    -1
65.808   79.0758    3.52974    1    -1
97.0772   11.437    7.83428    1    -1
68.7597   99.7652    57.0352    1    -1
54.9168   40.8944    0.60782    1    -1
9.33121   47.1686    19.0478    1    -1
96.7568   66.1442    43.9802    1    -1
96.7134   34.3969    80.4904    1    -1
39.3365   42.9358    41.5882    1    -1
2.84747   54.8975    35.6432    1    -1
91.4949   4.27603    17.9289    1    -1
94.3321   90.5966    69.593    1    -1
4.73505   55.9928    17.9277    1    -1
85.3631   0.655509    71.0374    1    -1
92.7867   15.0296    40.1192    1    -1
71.7425   93.353    50.7786    1    -1
28.1451   29.9136    29.8819    1    -1
46.5083   12.7043    30.401    1    -1
64.7715   13.9123    45.579    1    -1
23.4006   37.1039    39.9122    1    -1
94.6015   18.625    29.7078    1    -1
2.54427   57.5222    5.90157    1    -1
24.61   6.54693    16.5772    1    -1
3.72   70.1646    62.8599    1    -1
48.2083   41.7158    31.4446    1    -1
14.5098   45.3847    73.7921    1    -1
9.90447   17.1722    52.9717    1    -1
52.6791   17.3567    31.4721    1    -1
37.9919   89.1373    36.6881    1    -1
36.5498   96.983    2.72036    1    -1
14.0036   70.9825    9.00311    1    -1
39.4842   57.8383    92.6906    1    -1
5.78176   87.1904    82.5817    1    -1
95.5598   30.9196    87.5216    1    -1
65.8049   64.0559    51.3717    1    -1
69.603   2.61013    86.9483    1    -1
54.712   73.8827    21.7648    1    -1
42.6357   80.4309    63.2655    1    -1
22.6528   56.0529    35.5012    1    -1
23.2658   66.0007    75.7596    1    -1
23.964   67.7288    31.9517    1    -1
11.0251   13.5397    23.0279    1    -1
0.833122   41.649    65.9022    1    -1
11.8787   81.0155    29.3948    1    -1
17.8956   63.344    18.8197    1    -1
49.7338   43.8628    60.1148    1    -1
72.4232   31.1891    53.935    1    -1
74.1293   26.9961    85.7203    1    -1
22.4414   60.1472    10.4064    1    -1
33.7781   65.8319    47.9116    1    -1
13.9869   28.8611    90.7252    1    -1
67.8371   5.82758    62.1768    1    -1
28.248   95.9346    17.4531    1    -1
70.3324   73.1086    67.3605    1    -1
40.2734   8.34244    22.5324    1    -1
57.2186   37.5679    86.3976    1    -1
5.55149   12.8886    21.1808    1    -1
49.4837   52.0798    17.5174    1    -1
3.30054   14.148    73.4136    1    -1
88.5657   17.614    19.2424    1    -1
27.3306   85.1518    81.4728    1    -1
6.08619   43.8256    12.6484    1    -1
56.034   62.9293    76.5699    1    -1
12.854   23.7395    42.6488    1    -1
39.499   56.5763    22.4136    1    -1
97.4021   8.36352    8.45308    1    -1
25.1804   69.2094    13.6149    1    -1
54.6563   75.0798    5.03481    1    -1
76.2788   43.0369    42.8529    1    -1
97.7772   37.2726    4.87854    1    -1
12.6395   56.6322    9.76893    1    -1
0.8218   88.1996    82.2337    1    -1
41.6479   51.7266    59.0865    1    -1
63.4996   73.799    40.059    1    -1
4.8234   81.6288    98.4283    1    -1
59.5983   92.7444    95.6409    1    -1
55.8674   61.6321    14.9543    1    -1
50.7009   72.0409    9.64063    1    -1
38.3487   50.0177    69.9877    1    -1
2.58411   54.5832    17.5752    1    -1
76.6955   7.91256    7.22921    1    -1
8.89099   98.1581    22.7702    1    -1
94.9588   20.2959    2.17715    1    -1
78.7773   31.2163    27.5262    1    -1
87.8169   85.8129    38.8675    1    -1
94.0854   23.4665    43.0938    1    -1
75.0586   64.7718    15.7847    1    -1
96.565   22.2731    55.4664    1    -1
88.3081   98.7863    31.8621    1    -1
53.0022   29.1534    26.1742    1    -1
11.3491   56.8335    22.568    1    -1
88.557   18.4602    83.5463    1    -1
59.1465   0.12662    55.8171    1    -1
61.7012   5.87526    32.5558    1    -1
96.2049   45.6402    51.8819    1    -1
81.7564   21.5504    40.1851    1    -1
88.1972   56.9077    76.5119    1    -1
3.8234   84.812    18.6976    1    -1
8.5108   67.8216    73.8371    1    -1
74.266   54.1117    32.0465    1    -1
77.2867   53.4974    71.3864    1    -1
22.6508   13.6343    58.8594    1    -1
52.904   43.791    12.3331    1    -1
50.8092   64.1752    94.0728    1    -1
23.5926   6.32059    12.6761    1    -1
2.8188   1.75603    36.2143    1    -1
61.1618   40.5652    51.2164    1    -1
36.2795   94.9499    69.8588    1    -1
68.6522   95.7018    42.8738    1    -1
66.6553   69.4701    88.3267    1    -1
71.476   41.7158    62.6908    1    -1
40.1761   60.7767    32.8424    1    -1
92.595   99.2546    90.6955    1    -1
99.495   3.98638    88.2542    1    -1
99.8276   31.2984    38.0147    1    -1
54.2526   97.6007    80.5658    1    -1
2.59467   48.172    58.1954    1    -1
71.3243   40.506    85.476    1    -1
33.9258   67.4208    7.94264    1    -1
83.5467   41.1184    33.4895    1    -1
8.38806   75.7188    26.3183    1    -1
39.9065   85.3942    41.3958    1    -1
18.3549   98.8521    33.4215    1    -1
62.5185   32.5306    68.5528    1    -1
75.8815   6.04138    60.1838    1    -1
76.7366   59.4739    39.6575    1    -1
14.891   24.5156    0.75203    1    -1
41.593   39.5812    90.2346    1    -1
52.845   65.5627    45.4891    1    -1
19.4324   29.2174    97.5669    1    -1
18.1127   18.7907    96.303    1    -1
36.1064   21.5051    70.12    1    -1
69.955   59.2353    19.7744    1    -1
48.682   35.3959    94.6403    1    -1
11.6467   25.8276    23.2593    1    -1
7.1622   88.9723    75.9577    1    -1
67.1242   10.5474    21.3188    1    -1
64.5557   65.9692    67.008    1    -1
13.5714   4.52075    65.6193    1    -1
56.342   33.6834    83.8617    1    -1
63.8812   60.1671    9.46337    1    -1
32.4544   25.5261    37.215    1    -1
81.3338   66.1445    59.4583    1    -1
43.7625   89.2342    93.9013    1    -1
77.2683   69.218    90.1531    1    -1
25.5298   43.8736    36.1589    1    -1
32.2948   89.2682    42.286    1    -1
25.0773   30.6739    55.7379    1    -1
28.1968   39.2034    86.9296    1    -1
29.7625   52.8362    3.87629    1    -1
25.9651   34.6947    27.9664    1    -1
81.3569   23.6576    33.3138    1    -1
49.8471   19.9795    26.394    1    -1
31.8047   98.3699    98.2511    1    -1
25.2496   30.1854    20.0375    1    -1
47.7671   94.0824    25.9906    1    -1
82.3556   82.6828    38.4266    1    -1
92.6522   86.8322    0.212742    1    -1
88.9753   65.9426    47.9493    1    -1
15.0255   9.6559    18.1589    1    -1
21.6832   72.5562    63.3635    1    -1
11.8063   24.7879    82.5904    1    -1
92.1316   18.3911    98.4991    1    -1
43.0578   13.7237    93.5078    1    -1
45.8084   92.514    57.3402    1    -1
12.2781   18.2547    67.0378    1    -1
69.4557   6.92524    55.0742    1    -1
57.8611   81.4393    21.3029    1    -1
15.2254   17.7392    61.8263    1    -1
76.9955   60.4437    84.457    1    -1
42.4235   67.8995    60.2119    1    -1
57.0355   57.9318    51.2256    1    -1
58.6215   17.2097    15.105    1    -1
95.0953   43.1307    23.0189    1    -1
71.8896   33.3375    31.1077    1    -1
62.3822   67.4655    50.2684    1    -1
29.4361   49.832    41.1485    1    -1
45.3356   16.3061    70.4617    1    -1
73.6068   70.2175    92.5341    1    -1
97.523   78.086    15.6882    1    -1
29.499   48.2194    64.9926    1    -1
78.6804   38.7386    27.0622    1    -1
26.8034   89.8989    12.0381    1    -1
57.2186   81.4255    3.82544    1    -1
17.5757   80.8269    19.2013    1    -1
6.59886   92.3236    70.3046    1    -1
77.6935   21.1528    7.63455    1    -1
89.3361   20.2817    10.5089    1    -1
13.6918   78.3986    36.6996    1    -1
11.0321   66.3301    26.5886    1    -1
92.3062   80.4449    88.4913    1    -1
16.7993   45.3457    89.9361    1    -1
87.4184   67.1946    95.1403    1    -1
67.6763   47.0225    17.1048    1    -1
73.4865   75.6348    68.0079    1    -1
17.769   58.0652    75.2663    1    -1
10.8507   31.3838    16.0803    1    -1
39.8827   9.92952    31.1319    1    -1
22.445   70.3813    8.63228    1    -1
66.4728   80.1995    94.8988    1    -1
5.82526   20.3174    73.9686    1    -1
24.9319   18.5064    68.8228    1    -1
63.0702   64.5912    84.5743    1    -1
74.6704   86.3361    61.7394    1    -1
89.4997   12.8252    99.0248    1    -1
60.1178   86.4692    63.4726    1    -1
92.6812   5.22579    48.1832    1    -1
49.9618   57.2072    43.5321    1    -1
70.3797   46.2344    20.1461    1    -1
28.7242   7.77812    73.0126    1    -1
47.0975   45.0057    61.7624    1    -1
92.5378   49.7005    29.4711    1    -1
54.7598   78.267    50.5364    1    -1
38.8355   51.1653    34.0107    1    -1
36.6656   45.3161    99.5817    1    -1
60.1265   36.6639    93.1208    1    -1
76.0736   93.7834    17.9995    1    -1
61.4364   73.2482    59.0973    1    -1
21.1262   52.4125    94.873    1    -1
33.1928   65.8929    13.8269    1    -1
21.7802   90.7904    20.6285    1    -1
52.4647   72.4881    4.1333    1    -1
61.1352   94.9442    86.6254    1    -1
73.4372   63.2682    90.5877    1    -1
88.5779   4.52151    87.0319    1    -1
91.8353   40.9902    76.8935    1    -1
19.451   24.0251    60.8236    1    -1
75.2813   37.9465    64.6496    1    -1
7.69118   55.7504    60.5616    1    -1
49.9216   9.39291    48.0805    1    -1
38.2434   88.9179    42.3594    1    -1
46.9815   1.30025    35.9135    1    -1
37.8138   85.5208    81.6394    1    -1
30.743   78.5404    23.8319    1    -1
72.4971   51.2435    16.5013    1    -1
47.7852   3.35909    25.9376    1    -1
5.26981   7.08508    1.90289    1    -1
84.3292   67.7994    79.992    1    -1
29.604   6.30303    48.9689    1    -1
55.4238   23.4588    34.9092    1    -1
82.825   97.3273    0.338799    1    -1
15.534   22.1983    12.0736    1    -1
93.8677   11.9986    61.5499    1    -1
99.2882   53.2678    2.83681    1    -1
34.1835   19.6439    7.30067    1    -1
79.07   90.5724    85.0894    1    -1
31.9385   17.5647    64.7597    1    -1
41.4747   47.724    65.0331    1    -1
2.07112   50.3584    29.0309    1    -1
61.7337   1.2231    1.7259    1    -1
13.1364   84.4087    33.1685    1    -1
86.9635   42.5649    26.2134    1    -1
65.9508   8.97575    38.29    1    -1
19.2576   20.6529    63.0533    1    -1
59.2504   85.5231    6.5144    1    -1
73.5568   34.4884    28.7082    1    -1
35.0591   7.94671    47.6848    1    -1
16.431   43.4536    12.2643    1    -1
12.8151   80.7791    26.8463    1    -1
99.6384   7.93644    6.38383    1    -1
22.5023   17.6316    19.3475    1    -1
39.1823   42.8058    4.31456    1    -1
48.125   68.5821    50.1021    1    -1
61.7197   7.60924    38.6246    1    -1
60.5611   39.5042    63.1826    1    -1
73.6639   16.6611    97.0888    1    -1
57.8607   57.1504    7.9909    1    -1
30.2076   61.4522    71.3683    1    -1
71.6837   66.0595    34.1635    1    -1
57.8528   62.4578    38.4418    1    -1
27.0421   56.784    2.95657    1    -1
58.7007   88.4959    38.5103    1    -1
16.4571   66.6785    62.6519    1    -1
47.912   4.06542    64.868    1    -1
2.88109   94.0094    84.3254    1    -1
45.0615   65.8495    36.7375    1    -1
77.3589   13.531    15.554    1    -1
95.4805   81.8951    97.7506    1    -1
71.4517   10.6326    70.1259    1    -1
17.7476   59.5695    96.5781    1    -1
62.0453   72.2542    59.7302    1    -1
43.0335   19.8801    81.6849    1    -1
90.3192   30.5501    74.905    1    -1
55.0416   18.1996    64.7826    1    -1
86.0235   18.6432    24.2844    1    -1
41.5208   46.3703    12.0796    1    -1
46.6733   63.3126    90.2923    1    -1
25.1695   34.677    61.3463    1    -1
61.5748   1.1724    95.4951    1    -1
51.3565   96.7277    32.5218    1    -1
81.5325   73.6314    41.595    1    -1
31.0296   64.6323    18.6333    1    -1
13.3177   78.6102    95.7589    1    -1
23.6763   66.0024    12.8778    1    -1
94.0908   39.2328    18.5057    1    -1
1.85825   29.784    7.27763    1    -1
10.9951   64.4308    44.7378    1    -1
3.42778   38.9775    61.6656    1    -1
98.339   4.28564    58.6339    1    -1
23.5199   65.3297    19.2948    1    -1
66.6665   84.2958    47.2155    1    -1
66.194   98.9707    76.8854    1    -1
27.9269   49.2761    88.6393    1    -1
5.14942   61.3544    37.17    1    -1
20.9046   94.2667    46.0923    1    -1
17.7288   53.1756    17.4574    1    -1
66.1622   60.2398    13.7196    1    -1
11.8068   11.9341    95.1116    1    -1
18.4344   80.2628    64.4842    1    -1
13.8935   96.2295    98.7884    1    -1
53.325   32.6667    89.7662    1    -1
41.0247   46.1029    16.3475    1    -1
80.8681   26.825    26.0281    1    -1
65.4032   36.6485    1.3461    1    -1
62.6898   23.16    80.442    1    -1
9.42788   84.2391    39.63    1    -1
21.0342   22.3157    1.27098    1    -1
36.932   99.5897    2.85291    1    -1
27.753   64.7145    5.24506    1    -1
6.17194   66.2034    48.9006    1    -1
2.55862   85.1383    64.665    1    -1
22.6421   75.7771    47.0711    1    -1
44.8587   97.3698    47.374    1    -1
25.8929   11.77    46.2537    1    -1
80.9751   70.3874    34.6666    1    -1
70.5974   70.2558    54.547    1    -1
30.6774   62.3991    61.9369    1    -1
62.8418   93.9704    43.1106    1    -1
72.6946   84.7544    49.6522    1    -1
46.9481   5.32211    79.403    1    -1
85.0854   36.2568    56.8708    1    -1
66.5798   72.9969    9.99136    1    -1
56.4587   26.7485    0.353195    1    -1
71.6188   20.6433    34.2825    1    -1
16.2707   76.9985    74.4796    1    -1
1.51377   23.2618    45.6229    1    -1
17.585   85.8617    32.4051    1    -1
26.1978   78.0642    4.50058    1    -1
1.27835   7.38631    61.1838    1    -1
49.7894   91.4138    79.748    1    -1
10.5078   56.469    63.3852    1    -1
9.08526   78.5217    58.5494    1    -1
63.7907   70.6342    62.5192    1    -1
41.5432   83.8681    50.8412    1    -1
63.5685   49.7893    96.9713    1    -1
67.235   94.4714    24.1407    1    -1
60.0673   33.3043    46.0134    1    -1
48.5913   79.0513    36.7992    1    -1
62.2701   14.8973    39.9565    1    -1
11.6133   63.4883    69.0349    1    -1
37.2554   71.9659    52.9983    1    -1
5.94876   8.04519    41.2598    1    -1
29.2692   39.4927    15.1115    1    -1
27.1759   56.5894    68.5013    1    -1
24.5145   85.9882    60.7086    1    -1
88.3177   23.0594    88.9152    1    -1
66.8979   65.7602    22.0444    1    -1
30.7208   54.1167    3.95103    1    -1
41.0592   95.8557    29.6688    1    -1
29.2464   89.5984    99.4093    1    -1
68.3402   84.9166    37.859    1    -1
36.452   38.8455    93.7292    1    -1
19.807   19.7269    60.6545    1    -1
64.3971   90.8436    13.542    1    -1
7.6217   86.5762    17.2288    1    -1
47.7735   80.9815    31.6246    1    -1
97.2679   63.1527    57.238    1    -1
65.4854   42.599    99.3942    1    -1
73.3849   32.9819    41.8582    1    -1
51.3156   94.5501    61.4934    1    -1
53.9615   37.9379    3.06608    1    -1
4.33871   26.644    52.0556    1    -1
90.1615   90.1957    69.665    1    -1
32.7229   0.775375    71.2177    1    -1
4.56174   81.1055    7.91772    1    -1
52.4986   56.2518    32.1976    1    -1
27.5345   45.3447    38.1767    1    -1
1.3066   85.444    53.4037    1    -1
48.049   13.6312    6.49283    1    -1
27.4522   61.8844    98.0198    1    -1
10.6207   68.0513    68.1781    1    -1
34.3602   95.9412    67.6816    1    -1
98.5992   25.8769    84.6173    1    -1
41.2473   69.3859    74.3886    1    -1
17.9275   72.8086    36.0888    1    -1
93.1489   23.8487    78.5437    1    -1
93.0221   76.8673    21.4824    1    -1
6.47989   98.0087    87.822    1    -1
83.4731   66.9214    63.8316    1    -1
77.6792   91.3011    75.4048    1    -1
85.9924   7.07069    15.8802    1    -1
5.75455   49.3126    40.8529    1    -1
96.4297   51.6156    95.4173    1    -1
25.7405   8.35819    14.3567    1    -1
74.8695   64.4858    92.5215    1    -1
5.13371   39.5967    43.0515    1    -1
22.203   79.5481    31.4189    1    -1
68.651   22.5978    31.3513    1    -1
77.6156   55.1323    12.3828    1    -1
54.7636   57.0961    15.2078    1    -1
22.3634   64.006    38.8367    1    -1
7.54322   51.4302    48.9226    1    -1
25.2965   68.4583    76.6333    1    -1
71.2283   65.1612    72.3992    1    -1
24.5218   86.2388    34.4651    1    -1
73.5982   81.4491    4.58705    1    -1
85.0447   24.8152    33.3239    1    -1
99.2875   18.9715    36.8398    1    -1
35.0419   91.3756    41.7114    1    -1
7.21305   66.1747    93.2726    1    -1
95.2359   90.5998    59.6045    1    -1
15.6049   19.4866    72.5223    1    -1
30.3874   39.2133    64.3628    1    -1
61.4595   86.5671    19.681    1    -1
44.935   34.3064    95.218    1    -1
24.751   12.9904    56.3943    1    -1
38.4903   63.1059    33.54    1    -1
26.1981   69.8515    54.4012    1    -1
86.2818   35.3799    94.728    1    -1
77.5827   47.8984    65.2329    1    -1
76.545   47.8514    36.6823    1    -1
10.8808   40.1387    84.2472    1    -1
75.7847   98.3655    36.2746    1    -1
49.0051   27.8571    35.6267    1    -1
70.706   59.6863    66.7898    1    -1
71.4514   58.0266    12.5213    1    -1
82.5423   91.3049    28.4019    1    -1
15.2325   49.124    54.8468    1    -1
66.6151   7.0085    93.2836    1    -1
58.2091   60.4975    30.3841    1    -1
52.0191   45.0551    89.3222    1    -1
7.39624   64.5591    20.9611    1    -1
53.954   26.5421    59.0464    1    -1
71.1163   56.3569    23.6793    1    -1
28.9646   37.9884    67.6006    1    -1
65.7134   15.1955    73.4856    1    -1
85.5734   89.6459    9.92702    1    -1
50.2306   9.96428    98.8674    1    -1
3.61936   38.1977    10.1269    1    -1
13.62   16.7801    95.5073    1    -1
73.6772   34.2974    77.1489    1    -1
55.2406   28.7732    88.8996    1    -1
70.8216   49.9683    25.6173    1    -1
24.79   97.1523    15.5799    1    -1
51.1845   65.255    94.6157    1    -1
21.4586   54.9301    27.5348    1    -1
66.9942   91.6168    49.4591    1    -1
67.9333   56.4818    84.6282    1    -1
64.9609   55.4018    40.4198    1    -1
55.2072   32.882    21.9709    1    -1
64.2259   67.7393    50.8057    1    -1
90.9795   72.7299    17.7382    1    -1
40.2592   62.9442    91.2496    1    -1
48.1143   12.0932    37.5181    1    -1
7.75266   63.856    58.5508    1    -1
35.9899   44.6287    12.3021    1    -1
10.9632   27.5478    17.6098    1    -1
32.2089   94.5956    78.091    1    -1
59.9509   29.2756    20.6475    1    -1
5.71927   4.8934    57.025    1    -1
31.2627   60.4926    62.049    1    -1
63.8657   64.7733    91.408    1    -1
42.8303   77.8917    30.3604    1    -1
8.94285   32.5124    9.75063    1    -1
86.3472   25.7669    11.4219    1    -1
73.4321   66.4259    83.7973    1    -1
62.6519   16.2991    17.1515    1    -1
84.4264   82.5592    12.1623    1    -1
21.4285   54.5573    14.9955    1    -1
47.7481   73.208    47.6279    1    -1
20.8727   31.8734    92.5542    1    -1
61.3322   98.2618    32.6941    1    -1
20.0168   47.0647    49.4472    1    -1
56.3594   21.2312    50.1722    1    -1
39.0698   7.79744    14.6613    1    -1
28.3258   87.5364    75.953    1    -1
52.7236   33.6179    62.2867    1    -1
7.15984   90.5335    73.093    1    -1
77.2388   7.23531    63.3037    1    -1
23.045   16.3419    2.43237    1    -1
38.0147   48.0317    77.966    1    -1
36.9623   43.8771    39.1488    1    -1
44.8839   26.0993    20.1822    1    -1
36.5256   9.98183    63.625    1    -1
13.741   22.1373    72.2146    1    -1
5.92588   29.7149    3.7997    1    -1
23.3335   62.4001    27.4304    1    -1
63.2921   65.1881    53.5121    1    -1
15.8018   61.2384    38.5698    1    -1
57.2227   26.3719    42.1846    1    -1
26.7499   19.0017    97.2861    1    -1
2.02788   15.1247    79.4256    1    -1
63.0089   70.0549    16.0288    1    -1
43.0235   53.2641    51.3575    1    -1
39.3681   44.4377    42.0733    1    -1
78.2201   33.6911    10.2738    1    -1
8.1172   58.8482    93.6509    1    -1
27.6381   31.146    94.3091    1    -1
11.156   44.7571    9.25096    1    -1
27.9546   3.34682    90.9317    1    -1
4.39507   86.2484    9.97493    1    -1
54.3492   73.635    25.2599    1    -1
24.5257   66.1728    44.3779    1    -1
81.2868   59.9993    19.4712    1    -1
3.0177   40.113    76.5231    1    -1
59.9459   91.5487    65.1556    1    -1
33.1234   35.7934    53.1791    1    -1
27.536   51.0296    3.49605    1    -1
20.54   81.3392    62.6123    1    -1
57.8545   59.099    85.0031    1    -1
80.3102   24.6633    60.0664    1    -1
68.3831   57.7931    65.4272    1    -1
19.0357   61.678    72.2125    1    -1
45.0125   36.6461    0.713411    1    -1
84.2092   15.0687    11.9056    1    -1
33.6199   74.3999    77.4704    1    -1
45.0263   86.1821    52.2834    1    -1
49.0685   10.5944    58.144    1    -1
92.7801   66.3981    74.2856    1    -1
80.4298   50.7126    70.0147    1    -1
97.8577   89.6903    64.1067    1    -1
6.35739   8.91407    4.40473    1    -1
32.7305   83.3265    72.0578    1    -1
65.7186   29.015    4.43206    1    -1
52.0019   98.2121    12.5392    1    -1
41.2788   70.2423    8.98542    1    -1
81.8209   96.1346    32.4185    1    -1
47.2208   25.4146    94.268    1    -1
68.3252   44.8997    73.5582    1    -1
84.6572   16.2695    39.6937    1    -1
50.056   28.6159    91.6376    1    -1
82.54   79.5322    17.8974    1    -1
60.8821   86.8251    48.2969    1    -1
97.0834   7.11902    57.648    1    -1
24.4745   64.4215    40.2681    1    -1
60.3707   43.7743    90.8336    1    -1
0.890321   0.556535    10.8935    1    -1
88.9084   33.2921    73.2859    1    -1
95.8952   1.13843    99.4002    1    -1
65.7544   92.6937    2.37404    1    -1
81.8179   45.7144    71.1879    1    -1
48.837   59.6729    83.5904    1    -1
57.6423   77.6984    40.3954    1    -1
90.6083   22.9644    88.8335    1    -1
96.233   11.343    58.6953    1    -1
79.5386   45.1903    32.5458    1    -1
87.0028   92.2391    49.7824    1    -1
21.4858   71.3778    84.2624    1    -1
40.0384   40.6566    60.6119    1    -1
80.4017   11.571    40.5255    1    -1
79.8323   37.0667    91.5564    1    -1
69.0707   25.6858    18.7996    1    -1
43.8437   88.0106    40.462    1    -1
56.3787   95.0945    38.4142    1    -1
37.5719   36.7034    58.9412    1    -1
95.387   42.9041    16.0856    1    -1
58.603   76.5808    6.21213    1    -1
51.9522   49.9619    86.5196    1    -1
41.9406   51.4853    65.6302    1    -1
21.988   82.2513    79.9606    1    -1
69.8638   1.74853    97.3636    1    -1
88.4434   80.3519    53.5363    1    -1
99.3425   55.9093    46.6726    1    -1
72.0752   71.3992    40.682    1    -1
75.0194   8.01483    6.4685    1    -1
1.64612   41.9483    34.3709    1    -1
94.4342   55.4556    14.9321    1    -1
74.8129   78.5236    75.8651    1    -1
88.6049   91.1717    12.8643    1    -1
36.1833   86.1451    52.1361    1    -1
96.1901   40.8863    38.3674    1    -1
95.901   29.521    57.3094    1    -1
85.4028   48.7558    74.7094    1    -1
18.7206   23.1106    98.0065    1    -1
64.7633   81.2811    0.635214    1    -1
49.7237   34.1311    97.7686    1    -1
26.2296   51.3668    1.36774    1    -1
31.3196   71.53    67.7718    1    -1
85.0503   62.646    13.2544    1    -1
95.1035   43.5181    75.2807    1    -1
72.287   28.4018    72.5319    1    -1
8.23242   17.0813    46.7076    1    -1
31.1782   87.2447    0.193122    1    -1
26.7581   35.3798    64.5313    1    -1
87.5118   16.9375    1.05217    1    -1
48.6158   88.7602    64.9059    1    -1
34.5791   8.90259    17.2519    1    -1
78.568   81.0031    96.0347    1    -1
37.2246   95.8353    5.36438    1    -1
73.9782   89.3119    29.062    1    -1
28.2067   27.7584    86.967    1    -1
51.8287   78.6047    69.6174    1    -1
84.9684   35.9512    29.3677    1    -1
51.8696   86.2731    44.6923    1    -1
33.0502   58.946    7.03842    1    -1
12.206   20.6463    80.8733    1    -1
25.9091   58.5083    72.7682    1    -1
28.6133   65.9762    75.6046    1    -1
91.0966   18.1841    44.9153    1    -1
95.6162   31.5879    41.5621    1    -1
22.2459   70.7386    73.6421    1    -1
46.7683   77.2227    24.2015    1    -1
62.1088   60.2591    32.8999    1    -1
21.427   72.4535    28.4755    1    -1
52.6654   16.6505    17.5297    1    -1
53.3219   36.5393    46.331    1    -1
66.6641   46.1726    5.33772    1    -1
58.9846   96.7602    0.531248    1    -1
84.3461   88.0328    86.4577    1    -1
74.2658   42.2667    16.661    1    -1
61.5064   96.7242    44.8361    1    -1
92.8848   6.56296    49.3357    1    -1
98.5128   97.3406    37.2129    1    -1
3.1352   8.60975    67.2894    1    -1
13.2955   57.2955    9.20512    1    -1
22.806   53.257    94.397    1    -1
51.0166   89.4503    84.6162    1    -1
35.3868   35.9225    77.9294    1    -1
61.0977   60.9014    59.2381    1    -1
60.5496   77.6401    84.7888    1    -1
20.1854   75.3338    38.0055    1    -1
90.1436   81.0017    38.565    1    -1
34.5295   52.4579    74.5413    1    -1
53.492   69.2067    94.8817    1    -1
36.9136   53.9296    87.1804    1    -1
13.2069   18.7573    61.5417    1    -1
89.4137   38.5349    9.41405    1    -1
88.0763   51.427    63.6326    1    -1
76.9066   58.5678    98.0674    1    -1
53.9929   21.5358    2.90768    1    -1
88.4936   37.4848    91.2253    1    -1
75.8844   75.0849    66.9787    1    -1
57.6858   0.932106    18.4013    1    -1
6.31852   9.71724    75.6626    1    -1
1.13518   59.3821    32.3584    1    -1
54.8877   21.0541    17.7671    1    -1
79.9068   81.7851    3.47413    1    -1
33.2981   30.6229    35.3629    1    -1
15.2986   61.1846    64.6766    1    -1
76.4494   46.5193    14.9106    1    -1
53.1105   64.6786    23.9578    1    -1
98.1606   62.8265    77.0488    1    -1
61.0397   67.4642    48.3097    1    -1
58.9965   22.0072    35.8524    1    -1
64.379   72.705    31.4224    1    -1
61.089   94.9631    87.5898    1    -1
42.7652   98.4024    50.1718    1    -1
20.4473   84.7809    8.51535    1    -1
14.5958   81.1022    59.3613    1    -1
66.5718   78.1777    78.9499    1    -1
38.7515   55.4061    32.2197    1    -1
41.5445   60.7165    41.1519    1    -1
53.9281   86.2495    39.0181    1    -1
54.234   56.8897    24.8712    1    -1
2.13997   97.7005    98.4696    1    -1
79.9993   78.402    62.4186    1    -1
75.8265   53.2025    41.2228    1    -1
55.5249   80.7025    82.0553    1    -1
84.6968   97.634    37.5284    1    -1
41.8433   13.087    26.6883    1    -1
51.7491   99.8297    10.4439    1    -1
21.0638   53.1181    58.4021    1    -1
65.5954   24.0225    85.7068    1    -1
9.91995   1.15284    52.1941    1    -1
75.3663   10.7148    51.9774    1    -1
98.2074   10.2948    29.5191    1    -1
36.2589   49.607    31.9498    1    -1
18.4632   43.5374    4.13229    1    -1
13.4871   9.98659    2.63488    1    -1
92.2461   42.984    74.7987    1    -1
64.6374   20.3071    84.4717    1    -1
20.7909   38.8165    46.2917    1    -1
2.1045   44.4765    92.6937    1    -1
66.9004   57.0737    1.4009    1    -1
38.0804   71.1705    93.764    1    -1
55.3971   19.0153    50.5459    1    -1
65.6035   3.68407    76.4975    1    -1
54.3962   32.3596    2.78405    1    -1
43.5289   71.6919    87.9821    1    -1
28.8266   69.7331    97.485    1    -1
32.4817   48.7214    13.9308    1    -1
61.1404   60.5828    57.6279    1    -1
5.22858   76.4474    56.1335    1    -1
87.8416   95.9562    10.9609    1    -1
57.6286   66.26    54.0847    1    -1
22.7803   36.2394    95.4668    1    -1
3.24144   83.9455    89.03    1    -1
28.0397   53.1945    8.92126    1    -1
39.1201   15.7107    57.6221    1    -1
68.1755   76.7737    60.0741    1    -1
58.6988   62.5804    79.5802    1    -1
35.3277   62.9286    1.76322    1    -1
51.7206   30.0956    64.2375    1    -1
55.7585   52.27    28.5638    1    -1
46.9781   68.627    7.72398    1    -1
82.4216   86.446    20.6054    1    -1
24.173   51.9778    86.377    1    -1
51.0188   9.90316    50.7727    1    -1
84.3543   24.2538    78.7108    1    -1
74.2428   50.4073    13.143    1    -1
5.8823   6.23274    74.7181    1    -1
40.577   60.9122    66.0306    1    -1
30.7651   56.4906    70.1277    1    -1
17.5259   31.8264    86.4771    1    -1
44.0675   54.1371    62.35    1    -1
62.0341   4.27309    63.2043    1    -1
38.7101   60.0505    69.4437    1    -1
2.99073   79.8681    0.90811    1    -1
38.8308   17.7986    65.9307    1    -1
88.1214   71.4151    27.3639    1    -1
94.2237   89.8511    26.9787    1    -1
14.751   39.1587    75.7316    1    -1
31.7236   34.5868    16.8705    1    -1
84.8707   83.3973    61.7852    1    -1
94.3842   45.6564    87.771    1    -1
43.4748   83.5209    14.7616    1    -1
80.6856   53.787    43.8731    1    -1
25.4219   37.9579    10.8491    1    -1
94.227   93.0109    13.617    1    -1
36.2555   87.1157    57.4619    1    -1
77.2557   28.9523    0.350912    1    -1
34.4302   43.1847    53.5248    1    -1
68.9814   39.2904    37.6377    1    -1
76.8792   90.4822    63.5227    1    -1
3.06667   79.6036    22.0837    1    -1
24.4884   12.5573    19.1448    1    -1
67.8328   69.8643    80.2325    1    -1
0.687207   5.46617    41.7421    1    -1
87.5523   43.9376    52.4365    1    -1
69.0438   43.6098    3.44655    1    -1
83.0138   5.1721    7.81272    1    -1
53.342   59.0053    97.2498    1    -1
14.8956   94.6819    77.2813    1    -1
84.7924   8.04826    45.3812    1    -1
95.0785   54.2567    14.4927    1    -1
47.7988   6.21533    97.4726    1    -1
54.4862   12.4235    98.802    1    -1
45.0609   45.8285    46.6486    1    -1
43.2485   14.9926    78.9807    1    -1
1.91643   22.4127    21.624    1    -1
20.0327   94.7203    94.7857    1    -1
22.16   98.3866    17.1079    1    -1
2.62291   76.4636    91.9091    1    -1
29.0305   47.4045    43.7794    1    -1
63.4352   90.0355    90.0146    1    -1
80.444   51.8932    21.0922    1    -1
16.1394   19.9148    96.0878    1    -1
16.3094   62.5863    54.5194    1    -1
77.966   26.0836    42.394    1    -1
90.1806   37.7496    27.3476    1    -1
42.6451   0.508733    2.59369    1    -1
1.05512   88.1434    15.9495    1    -1
22.7372   12.6428    69.7086    1    -1
73.7364   78.9641    44.7202    1    -1
32.4378   26.3999    11.9089    1    -1
19.4425   10.0825    66.5172    1    -1
89.67   41.9494    15.3344    1    -1
84.5138   45.5779    25.6758    1    -1
39.1208   21.4867    15.1892    1    -1
47.8635   13.6124    2.89722    1    -1
15.3771   64.4368    13.9647    1    -1
90.4763   29.5945    20.6629    1    -1
7.14411   45.2873    66.2796    1    -1
53.7476   41.2528    69.0449    1    -1
75.5515   64.9885    57.647    1    -1
16.1712   45.2779    14.1768    1    -1
34.8261   64.187    39.15    1    -1
6.72282   84.9548    49.8963    1    -1
57.9404   19.6871    85.1614    1    -1
2.91308   27.1625    51.7534    1    -1
31.1848   27.4248    31.9572    1    -1
63.1353   31.8126    32.1027    1    -1
43.2969   93.2446    10.3877    1    -1
8.30283   41.4466    45.9642    1    -1
45.6935   98.5073    48.0295    1    -1
87.8291   74.9537    73.4257    1    -1
7.41806   76.1066    71.0295    1    -1
80.1201   75.1872    38.3598    1    -1
90.9582   92.1822    47.8289    1    -1
8.00171   21.3732    32.6214    1    -1
15.0258   50.9784    77.3839    1    -1
84.9179   74.8722    3.5675    1    -1
89.1984   37.3489    37.0013    1    -1
1.38259   57.2449    18.8082    1    -1
32.1021   70.2626    2.24078    1    -1
52.8911   54.6584    65.3359    1    -1
99.0608   23.2196    40.7201    1    -1
10.1702   11.1381    90.4605    1    -1
58.5611   33.6412    40.4988    1    -1
80.7923   81.1965    66.6379    1    -1
90.5135   96.0445    14.2632    1    -1
57.4122   70.6596    40.0931    1    -1
69.8725   55.1261    46.4823    1    -1
68.0867   46.5995    60.6972    1    -1
57.1397   18.04    57.9956    1    -1
25.1481   39.5388    44.1693    1    -1
69.3282   38.9105    71.1538    1    -1
82.6504   70.097    55.1548    1    -1
48.961   85.0862    7.12051    1    -1
72.8256   28.2728    29.11    1    -1
51.4169   2.96194    3.46316    1    -1
99.7257   55.7159    77.7993    1    -1
80.7805   55.0055    31.5687    1    -1
26.338   31.3042    59.842    1    -1
1.96806   26.2548    69.5844    1    -1
2.86215   89.7545    69.3796    1    -1
57.5943   7.73192    41.8936    1    -1
39.5288   7.54292    27.2798    1    -1
25.231   34.2679    68.7671    1    -1
35.669   98.462    18.0654    1    -1
