Initial positions:
5.71457, 40.8517, 31.2206
44.5348, 17.6124, 2.79549
34.5116, 43.3827, 36.4423
34.5994, 59.7631, 23.0599
28.0241, 0.680006, 41.4649
18.3535, 20.758, 34.5735
38.7395, 17.4767, 50.197
17.7109, 9.65686, 49.6274
59.6304, 6.66327, 13.9722
9.7979, 34.071, 50.8202
40.0213, 20.5088, 30.4669
41.9281, 52.3499, 44.8493
10.1472, 55.7521, 11.3186
63.1844, 25.2062, 17.1243
48.658, 35.5104, 57.6445
42.7756, 61.0439, 5.57563
62.7062, 25.9139, 2.8451
63.5826, 36.6065, 58.6745
55.5305, 37.8153, 28.6395
61.9841, 35.1822, 54.6261
31.5242, 20.938, 46.7076
34.0165, 42.3315, 39.3053
59.1374, 2.21359, 11.4995
34.9137, 28.9162, 31.3746
56.6609, 0.668734, 7.32352
59.7497, 45.4472, 1.83832
62.4364, 61.1924, 20.0788
38.1569, 9.81848, 3.5176
53.2539, 24.4967, 51.3181
54.2767, 32.7456, 10.3302
9.24866, 48.9398, 62.7897
30.2701, 58.5772, 14.1188
12.3025, 23.1144, 28.7993
31.8881, 51.1878, 19.3578
33.192, 4.77641, 28.0803
61.4494, 30.7545, 25.4477
24.5387, 22.1988, 15.9886
7.06101, 17.4803, 26.0177
58.6674, 24.0875, 61.9828
62.0931, 20.1912, 19.5812
33.6143, 12.2998, 13.9332
35.0139, 13.6162, 17.7515
19.7761, 15.0867, 52.5817
35.8265, 31.8869, 13.5567
17.3233, 48.5379, 55.8151
10.1875, 2.945, 39.6513
6.8237, 57.7426, 24.569
25.781, 48.7177, 60.3734
31.7072, 22.201, 19.5355
49.0862, 8.43957, 51.8207
46.7593, 12.127, 56.3604
15.1482, 24.016, 38.1977
51.1079, 61.0188, 24.4182
19.2572, 62.7564, 27.6948
61.3304, 18.4502, 18.454
20.0515, 47.3873, 4.46701
45.4251, 52.409, 12.4826
39.5141, 4.09752, 34.3961
35.5899, 16.4424, 29.9666
51.3576, 25.5738, 60.7023
45.9413, 15.7095, 37.741
9.47011, 63.797, 16.0242
11.038, 59.1595, 46.2989
16.9163, 48.1117, 17.3617
46.0548, 50.6409, 19.5597
5.27106, 49.1411, 34.3943
37.2561, 25.9094, 60.9266
26.678, 42.0949, 49.4624
44.0226, 33.4862, 13.9672
10.8246, 24.885, 17.7702
43.6116, 19.9086, 59.96
62.6253, 42.1321, 43.6416
13.0643, 38.7431, 20.0774
42.2684, 19.0661, 9.47173
7.53937, 22.6899, 37.1481
62.9375, 1.85586, 15.4588
6.77756, 63.4231, 63.6094
63.0835, 19.292, 1.57058
30.6221, 27.904, 44.0514
35.3843, 47.2338, 12.1921
31.7722, 61.9568, 61.0343
10.2274, 8.2617, 41.8909
6.09363, 62.1204, 37.0118
17.047, 27.8769, 31.4549
25.4778, 53.8081, 60.3455
35.7448, 11.3527, 50.3742
38.8196, 2.5244, 10.895
15.6573, 2.45322, 41.4433
55.096, 42.3444, 44.1682
11.1074, 32.2394, 46.7813
4.85516, 4.09181, 13.8419
37.7384, 43.3375, 17.4189
3.91981, 2.38555, 37.5785
28.2777, 12.2708, 9.93707
36.5809, 39.6083, 49.8204
33.4604, 44.7415, 43.5534
40.5702, 47.2027, 10.4201
49.249, 59.3484, 53.0002
60.3244, 57.8034, 7.34546
15.7443, 53.7365, 25.9947
33.5544, 40.6226, 22.3733
33.7387, 51.1384, 22.9254
19.8988, 21.9742, 50.9508
61.1905, 14.6454, 3.06659
54.2326, 20.6017, 25.8187
42.9674, 25.0755, 12.9083
20.8081, 54.1635, 0.454175
61.2727, 41.4608, 27.1032
23.7761, 39.5045, 55.2544
22.4487, 61.9222, 17.9424
52.0612, 36.5779, 58.2216
46.1611, 20.1358, 17.2222
10.0137, 55.3189, 58.127
7.41364, 43.7875, 15.607
8.97749, 59.2091, 38.7123
40.9406, 0.896539, 33.5075
17.6698, 41.2884, 43.8833
1.04966, 61.2877, 21.7338
7.77023, 10.0593, 47.3945
1.01123, 9.14006, 35.4798
38.1658, 1.06662, 32.2248
1.66663, 34.0138, 54.4619
20.5832, 27.588, 43.8209
52.2958, 51.2288, 5.11626
62.7315, 36.2349, 49.039
39.4588, 29.5099, 39.4956
41.8329, 56.8131, 28.5106
56.8127, 39.0753, 29.119
56.1339, 0.554171, 59.0245
21.2949, 59.6813, 20.999
36.3809, 46.8579, 35.3231
13.809, 45.0419, 55.2118
47.4281, 15.9188, 54.0506
10.3832, 10.8798, 60.5944
42.3167, 16.4144, 23.0292
49.6744, 44.7361, 33.7633
16.9892, 0.274757, 34.2436
51.4508, 58.482, 28.3944
26.8265, 6.23958, 2.20758
13.0434, 39.3063, 48.9928
18.1174, 45.7291, 57.7516
19.1944, 50.6647, 9.06209
6.89506, 1.00642, 2.36291
19.6302, 43.5701, 62.0821
50.9995, 51.4503, 36.3059
30.4606, 17.5107, 29.9349
27.9818, 7.64991, 4.75087
57.347, 6.38385, 15.2756
41.9645, 52.7101, 34.334
20.0538, 58.4323, 34.0428
35.6, 52.8528, 18.1232
9.66813, 36.8342, 34.1417
50.9466, 31.9396, 37.6485
42.2981, 42.5174, 14.3598
2.3564, 2.56661, 54.1642
56.051, 14.8463, 55.0246
22.825, 40.3957, 38.2748
2.66031, 1.33448, 43.4368
23.849, 53.5093, 63.039
36.5293, 2.35828, 17.8832
30.0984, 20.8237, 56.8758
21.4994, 63.377, 0.242973
13.6936, 4.27758, 25.533
17.5874, 50.5056, 61.2536
55.0097, 9.34063, 38.7542
52.2008, 43.1513, 52.9829
63.6551, 32.0488, 18.0794
13.4813, 19.0907, 7.15109
31.7628, 57.8799, 19.6768
0.382772, 55.0882, 2.24566
9.89588, 56.6223, 28.7884
52.1603, 20.2551, 51.031
31.5271, 9.53723, 56.3142
17.6662, 5.80707, 59.605
10.3008, 12.1809, 48.1904
30.5813, 22.9065, 58.3049
19.9049, 11.2307, 50.8176
46.4621, 29.4171, 46.9798
53.3216, 36.8, 36.7659
39.8729, 42.5706, 54.0808
34.5251, 37.8575, 34.3125
7.58994, 36.6041, 39.7844
22.3214, 63.1552, 21.4449
33.242, 39.7359, 40.1313
46.2818, 6.01616, 41.7437
56.6605, 22.7708, 11.0302
18.7586, 17.5697, 1.44542
45.9292, 28.8635, 28.3078
7.01775, 14.2278, 13.9921
25.9296, 47.8422, 44.6021
59.5415, 23.177, 33.8007
1.18262, 47.3268, 53.4613
25.9084, 57.6071, 44.2267
9.98985, 62.9432, 25.1386
27.7997, 49.4368, 51.0209
53.3843, 42.6343, 38.5953
28.9824, 46.2233, 13.533
25.1455, 12.8764, 54.4828
47.2469, 7.06738, 63.2659
50.3282, 26.7066, 5.7088
46.908, 53.4747, 26.9004
35.3058, 59.418, 22.4378
47.8462, 49.5555, 13.7722
7.69286, 50.2204, 35.6773
51.1058, 57.5625, 59.707
22.1545, 29.5737, 3.89958
7.92475, 5.16675, 22.5404
55.7347, 62.7165, 37.0441
31.4866, 38.2295, 15.153
24.0925, 0.387354, 30.2105
40.3463, 55.5371, 29.962
20.0783, 50.0012, 45.788
43.234, 9.84471, 10.1695
4.10944, 46.6801, 37.0411
53.8736, 34.9619, 3.61203
19.5876, 30.3097, 49.2131
43.5832, 28.3034, 24.5172
11.0982, 4.19697, 54.1333
17.1347, 60.7466, 38.7437
17.5726, 6.2345, 15.316
61.4402, 28.059, 41.5992
34.8958, 40.3771, 34.2806
18.6618, 47.2466, 8.95577
39.0791, 35.0214, 54.3685
10.9843, 7.90416, 7.25723
39.9522, 40.1294, 36.4257
55.0444, 12.3651, 46.6843
26.1642, 17.0582, 33.9052
31.6058, 44.7414, 14.0064
40.3358, 1.17801, 21.7868
63.1061, 23.3581, 14.1571
60.0567, 32.3022, 63.5468
63.7915, 56.2683, 35.2291
5.73965, 40.8299, 19.8263
24.8745, 3.13449, 25.3514
24.5096, 46.4054, 55.7229
17.6609, 31.8537, 11.1234
48.8073, 35.5158, 56.1034
10.9726, 29.4303, 46.4776
19.1578, 4.97463, 33.3408
12.9448, 33.9939, 1.37719
10.4155, 23.5886, 43.5528
45.2178, 56.5382, 9.53738
31.8945, 37.3603, 33.1245
57.4838, 6.03793, 0.267006
27.4, 52.8646, 1.43352
30.1707, 13.3213, 54.9426
29.6948, 6.81171, 25.8117
48.4964, 15.3293, 34.7377
2.18603, 56.1166, 51.8423
33.2791, 56.1072, 30.7788
38.6593, 46.0671, 44.8047
0.366187, 47.8271, 25.1337
3.07957, 4.47637, 4.17189
53.0334, 24.1395, 50.9173
42.2804, 15.6645, 44.8791
43.4861, 25.0294, 8.76735
12.8109, 30.6044, 38.0124
60.652, 14.146, 17.119
33.0543, 47.5638, 47.5466
50.1279, 22.7796, 54.7049
36.5769, 14.4803, 60.4013
62.5855, 52.0386, 52.9255
7.55209, 42.537, 54.0149
42.4721, 22.789, 50.3445
11.1794, 53.4972, 6.61806
34.6704, 42.2914, 31.9897
48.9268, 39.9769, 29.1875
58.1024, 15.2757, 40.9056
19.2686, 49.3803, 58.6859
45.4035, 4.5471, 11.9233
55.2654, 63.6178, 53.7725
42.8097, 25.2269, 35.3725
22.7057, 40.6053, 32.0587
27.7934, 23.2532, 38.4175
5.79857, 63.6835, 26.7249
56.8085, 38.7979, 25.3716
59.5159, 31.7522, 10.1407
3.58446, 5.45058, 50.9673
40.6745, 2.19003, 58.8994
30.7986, 44.1441, 6.62562
40.2309, 37.4283, 14.5508
16.7615, 34.531, 38.2467
52.1299, 12.6778, 10.8246
4.9752, 38.6405, 62.3621
2.65241, 14.1316, 35.8133
41.1004, 62.0635, 57.6141
61.5774, 24.6587, 11.9651
12.6402, 51.49, 24.2707
42.0706, 26.7188, 58.5375
33.1113, 35.5482, 44.3544
4.22497, 42.5597, 0.32792
24.7701, 11.1083, 7.93235
11.2503, 5.09452, 7.63158
15.5761, 30.6263, 16.3149
47.611, 52.668, 16.7604
51.3311, 35.6707, 53.1182
25.4719, 19.7149, 48.8308
58.163, 1.9524, 37.1563
6.83938, 9.62734, 15.6567
20.0609, 26.8599, 40.5186
59.5702, 5.46016, 1.49767
46.037, 30.592, 8.72605
52.5143, 11.6664, 57.5419
24.8431, 16.3603, 11.5975
47.94, 10.3767, 47.3723
39.9954, 43.3101, 11.9839
2.50965, 2.91384, 52.0846
25.9395, 49.9687, 28.1781
40.5459, 42.7115, 29.7437
43.2704, 47.8529, 16.2175
24.6956, 58.6989, 48.6852
20.5907, 3.78894, 1.89077
5.60858, 43.3171, 60.7072
9.40465, 29.0066, 33.6269
27.1138, 40.6188, 28.5939
60.2021, 17.5156, 40.8886
22.7083, 16.754, 57.0797
11.1733, 15.4445, 13.7468
30.0578, 2.55539, 34.0204
28.0299, 58.1412, 12.5352
6.71607, 5.61573, 41.4001
27.2249, 20.5484, 63.1042
30.4999, 39.3174, 1.41055
46.0961, 6.26927, 46.4762
47.0114, 0.283117, 33.5374
54.6546, 58.2969, 31.0236
53.3072, 7.32334, 50.8165
50.9446, 28.8265, 25.2219
30.0691, 59.0145, 19.9692
26.2227, 17.972, 12.8311
8.84079, 10.574, 15.1896
10.5117, 61.2696, 52.9391
36.1406, 2.90151, 57.1835
55.2235, 25.357, 62.6423
2.9104, 54.5343, 41.3393
16.8661, 32.9294, 4.40765
37.0845, 9.28092, 49.2471
53.2398, 56.6591, 49.6189
48.6162, 43.0574, 4.31266
51.8983, 61.1646, 35.6261
30.8252, 53.9117, 56.0604
27.2738, 61.7914, 31.3252
23.4743, 10.2088, 40.623
8.05264, 11.4366, 58.3273
34.5329, 13.623, 27.7286
45.5256, 53.466, 63.0624
58.5607, 35.4139, 11.9517
13.2801, 58.0724, 43.0138
46.0744, 37.6714, 4.87582
17.8515, 16.2977, 62.1436
61.4562, 9.94559, 51.6663
63.0508, 52.3644, 23.5001
12.2334, 20.6219, 63.4795
56.7146, 33.2301, 34.2662
52.3102, 41.6378, 38.9056
37.166, 57.0213, 18.6922
63.0717, 22.3795, 47.9639
60.2256, 59.1282, 10.1354
24.0725, 45.7968, 20.9318
7.47419, 20.4784, 48.1749
32.9142, 55.3136, 30.529
53.6509, 57.4417, 13.2694
34.5735, 38.1676, 7.10457
27.719, 16.1153, 21.3962
62.8827, 55.8566, 39.1219
48.9718, 11.978, 31.5941
27.7391, 20.946, 59.1921
22.399, 20.66, 31.6889
30.8708, 62.4242, 7.2915
28.4223, 61.4893, 29.3128
53.9622, 57.1474, 20.1801
1.17663, 23.3347, 55.0499
0.198899, 3.83618, 15.427
22.147, 19.0626, 3.65133
9.51714, 5.40214, 37.281
3.88349, 59.4714, 24.7064
63.7001, 47.3004, 57.627
16.127, 12.9665, 10.3162
11.3631, 42.6081, 15.5926
13.8465, 9.0621, 25.7125
26.909, 21.357, 18.5301
9.91428, 21.0882, 53.4405
2.52144, 23.5496, 59.4932
52.2005, 1.39594, 34.7078
51.3356, 40.2713, 13.322
15.4004, 13.5199, 4.06037
30.1303, 46.8524, 52.2812
39.5253, 32.7488, 57.8935
8.82314, 15.9052, 45.6435
56.8053, 15.8482, 57.9088
33.157, 3.40933, 59.8635
3.13853, 17.8342, 28.8887
15.8909, 32.8673, 44.1692
29.2906, 49.2151, 3.11647
52.8846, 9.83518, 48.8883
34.4317, 50.9274, 45.6157
53.3509, 25.6793, 57.9833
41.5698, 21.5503, 32.6928
6.03055, 51.1356, 61.8618
0.59155, 45.1555, 7.61786
43.4272, 61.0851, 20.4817
50.9763, 14.3631, 2.32816
26.7681, 16.4585, 21.3556
57.7683, 22.6477, 28.4496
51.2471, 0.779726, 56.2548
51.0088, 55.5565, 53.1681
22.4555, 60.6027, 5.67029
40.7111, 20.9709, 32.6197
20.0995, 49.4239, 18.932
54.5822, 21.4858, 58.6984
3.1129, 41.9099, 38.9103
16.5691, 18.4106, 18.8652
36.1505, 61.4758, 11.1881
59.1862, 48.1326, 27.9159
23.1015, 41.2962, 31.5617
31.6284, 6.29498, 63.117
18.379, 40.997, 38.5198
29.741, 50.0543, 30.1051
15.9702, 8.27232, 5.60647
63.8531, 17.6164, 3.55486
1.65898, 14.3769, 42.2477
16.7095, 29.8487, 7.86447
62.3121, 17.0857, 40.3156
61.8501, 58.311, 2.36757
33.174, 10.499, 15.0894
42.8942, 41.4597, 50.3903
23.9272, 13.923, 57.1367
5.07365, 58.4233, 41.8094
54.5408, 40.0487, 61.1186
57.2997, 14.7961, 42.2827
16.8303, 6.35796, 43.9388
48.8142, 9.08318, 26.5891
49.2966, 9.56356, 17.5362
37.9253, 43.582, 9.94985
59.914, 43.5065, 30.9778
61.9215, 19.7168, 39.0191
25.4448, 25.2636, 49.687
7.89765, 0.63446, 6.06314
25.9749, 49.7862, 24.5665
46.0035, 2.96275, 43.5867
12.3229, 42.585, 13.9086
9.85995, 52.7713, 62.1623
7.8145, 47.162, 39.4566
13.0246, 31.285, 26.1721
23.3749, 34.4383, 16.0126
26.8618, 43.7477, 26.345
63.7046, 22.8434, 34.3
50.7943, 48.2877, 54.4808
5.74526, 33.3552, 60.2158
9.34769, 40.7482, 52.4019
49.4471, 16.9238, 36.0536
25.5156, 47.6176, 0.104714
43.2974, 7.23911, 61.6132
12.26, 6.46942, 62.5321
60.6913, 49.8177, 51.2992
57.7214, 26.9338, 34.8123
43.7603, 50.6193, 5.25642
7.93923, 14.8018, 42.5209
15.6628, 1.7207, 49.7164
33.457, 17.8777, 42.3057
25.5481, 61.4305, 12.4189
16.4229, 43.2248, 40.1032
30.401, 34.0665, 1.24239
26.6085, 18.9634, 46.8823
10.4011, 33.8346, 42.9622
1.67028, 0.641313, 52.4306
12.9716, 45.3608, 7.34447
59.8741, 24.9038, 39.8226
62.8549, 59.4588, 59.8866
57.0393, 12.9626, 40.4821
7.05794, 35.5368, 41.1987
56.1721, 12.2803, 23.2343
22.3647, 3.74283, 16.9524
29.5012, 45.9901, 41.4315
40.2583, 62.2114, 2.65812
54.0775, 23.4776, 26.4348
7.43467, 60.8223, 63.6345
44.1898, 9.68067, 41.3971
21.0681, 10.1975, 36.604
10.6025, 58.7273, 62.9298
34.2904, 38.7535, 7.1116
3.8778, 36.157, 11.0394
16.7821, 17.9793, 36.6117
19.1409, 58.2839, 9.54971
33.2816, 23.389, 50.9891
35.4728, 4.16293, 49.8468
50.9952, 40.4502, 36.0554
11.7282, 51.3324, 61.2064
35.0368, 58.971, 0.918544
55.9323, 59.5955, 26.3399
26.2614, 28.7609, 40.7194
0.830052, 27.0732, 45.1678
39.2769, 45.7964, 12.1422
54.5226, 13.64, 53.1972
46.5322, 18.2868, 43.0172
42.405, 17.0052, 50.1413
41.2222, 58.0343, 17.2117
42.2521, 6.9918, 13.6197
61.8116, 9.04752, 57.3275
8.68288, 11.9285, 48.4773
24.8752, 41.957, 29.4671
35.6543, 7.60339, 55.47
15.3021, 36.8249, 15.1009
4.92035, 20.2855, 39.842
19.4499, 30.631, 45.8478
10.2275, 51.5623, 63.1599
35.085, 54.3279, 15.0447
11.8534, 20.9408, 16.9571
45.4254, 7.47645, 12.5282
21.6511, 15.8988, 53.5673
8.21652, 60.5925, 12.9646
19.7003, 53.4225, 55.4576
20.1332, 49.1504, 9.52951
53.9893, 14.4619, 21.7896
23.2273, 58.7129, 22.0243
25.0513, 24.4049, 45.1105
57.4056, 19.3881, 35.0811
32.1487, 47.7927, 51.783
37.0572, 56.7286, 12.7889
58.5976, 46.2477, 60.1384
35.6636, 15.3111, 38.6277
21.7268, 11.7455, 22.1142
52.4663, 29.6084, 48.7571
60.1242, 37.7691, 8.40632
22.4051, 4.01509, 4.71472
9.83019, 44.5587, 39.9985
31.0332, 24.3505, 3.01882
9.51354, 54.6029, 57.4118
61.6705, 2.56567, 32.7703
6.46276, 52.7332, 15.7522
38.0232, 58.5453, 7.0562
61.0317, 34.8836, 59.9105
11.0833, 60.7853, 1.00341
23.4745, 1.8437, 12.0737
15.842, 45.1941, 28.5815
44.1031, 37.1149, 47.0717
5.75921, 5.87429, 46.6649
40.661, 36.3927, 47.2096
31.5859, 31.8157, 34.1708
8.47901, 46.0215, 59.7905
35.0663, 52.9164, 54.9887
62.4242, 46.3251, 44.8886
49.7053, 12.0249, 10.7419
40.4741, 17.5774, 46.6933
45.8498, 26.2185, 43.6955
63.2381, 8.83841, 5.92124
10.421, 58.4687, 42.446
37.8753, 32.5915, 4.52109
39.3043, 35.3987, 42.686
11.3738, 54.0608, 14.5345
48.8498, 28.088, 0.449617
12.3644, 12.2863, 63.1659
30.0443, 24.8948, 3.33431
28.4483, 60.6736, 40.8533
0.496872, 0.413196, 49.4824
47.1729, 37.5138, 55.5848
36.9624, 16.7697, 16.3303
62.8285, 41.8472, 8.70627
56.3407, 26.6963, 5.55102
35.2093, 13.7823, 34.4048
56.0834, 0.632673, 33.3921
52.8314, 49.7499, 60.9827
51.1777, 19.0827, 24.4824
10.7678, 38.8015, 35.7721
38.6663, 50.4847, 14.2269
31.9195, 60.3691, 51.4293
7.7233, 45.6115, 63.7414
15.7323, 53.3677, 28.5719
61.6101, 36.4363, 63.4239
12.072, 40.2319, 31.3422
6.89766, 15.0211, 61.3053
59.1415, 60.8754, 29.1894
37.1055, 18.0957, 27.3782
63.0557, 6.85334, 18.5242
24.7328, 24.6867, 36.5806
62.0165, 56.6348, 32.0159
25.048, 60.7009, 10.1491
2.64946, 23.9442, 43.2475
59.4445, 37.482, 46.9665
14.5097, 47.956, 48.4754
22.638, 59.8345, 18.8692
32.939, 59.7317, 55.1709
57.1881, 19.7912, 7.02349
63.0356, 25.849, 58.9723
33.1744, 60.3937, 57.2695
8.6405, 59.0889, 50.5192
6.72043, 39.7352, 7.27844
19.033, 23.3271, 39.7556
39.5798, 57.3176, 4.133
14.8684, 28.0983, 36.4673
25.3741, 11.0972, 39.0494
41.1241, 49.142, 17.5814
40.8022, 34.3335, 54.8
8.52493, 14.5625, 61.6862
15.3101, 21.5865, 34.2088
13.5819, 41.6433, 9.17909
38.3409, 17.7522, 1.51037
58.8584, 16.6333, 32.3732
51.193, 49.717, 47.1769
9.36135, 60.4215, 30.9526
52.7512, 39.9222, 52.4193
33.0126, 26.4981, 34.952
13.1464, 36.7507, 44.7442
15.0623, 47.7897, 32.3014
24.5168, 10.3566, 56.0645
25.0259, 32.6913, 62.0815
35.8498, 55.2895, 61.7466
48.6089, 56.9318, 18.6102
29.7835, 48.8434, 62.8794
20.6063, 62.4105, 17.0844
5.8136, 5.52441, 36.5079
37.4736, 8.17906, 47.4252
61.6789, 19.8589, 6.99874
60.5997, 50.1697, 35.3586
39.0591, 50.1125, 15.9559
12.267, 31.3467, 35.1663
33.4808, 62.2349, 28.9242
8.7901, 40.4868, 29.676
16.5011, 49.3806, 56.4423
29.7415, 44.2509, 8.81365
37.9549, 51.0985, 55.7746
24.0244, 47.924, 11.8397
42.0769, 40.625, 5.76951
8.41242, 19.0858, 42.6484
32.0606, 2.51946, 54.2628
32.8065, 21.0741, 60.2866
55.2812, 57.9125, 14.968
16.8918, 32.0748, 28.4349
46.2285, 1.26488, 33.9535
40.5419, 62.5599, 58.7984
25.1599, 45.4332, 22.6852
19.0576, 36.9069, 61.6749
63.6017, 58.5014, 24.1021
8.70517, 49.4523, 46.3468
6.37783, 57.0227, 25.9531
34.6875, 35.401, 41.2824
31.723, 49.2174, 55.0947
38.8898, 28.4761, 4.23393
46.4283, 26.6895, 13.0929
38.5072, 18.6337, 44.7516
27.702, 24.8081, 13.8119
12.2319, 7.34276, 52.6116
63.6175, 45.8757, 17.9969
31.3692, 34.5136, 23.9133
29.1965, 5.17373, 50.9169
41.1364, 51.1954, 45.2398
4.11681, 61.9188, 20.4707
32.1192, 31.0071, 24.161
37.8036, 32.9837, 33.1208
21.3751, 49.8412, 24.2288
58.4023, 32.0022, 46.6098
47.8573, 61.0905, 2.01695
57.138, 62.4776, 49.8919
33.6037, 37.9232, 42.5949
56.9674, 14.5485, 20.7316
53.8892, 54.0539, 0.774639
23.9805, 30.5461, 54.4916
58.2377, 43.4823, 8.39425
51.0312, 50.316, 19.0663
27.0092, 23.5062, 61.1341
62.9732, 41.3837, 55.3065
4.7587, 49.5159, 38.9805
27.3757, 38.7086, 9.24292
3.66936, 57.4712, 41.7994
38.1405, 37.7091, 32.051
29.7956, 38.1019, 39.596
58.6927, 56.8611, 31.4659
59.088, 53.4789, 31.9664
24.2762, 15.0293, 36.3815
17.8762, 47.4889, 16.7519
45.5558, 59.4531, 60.5842
16.8512, 35.5374, 46.7301
38.3975, 58.4212, 32.0255
20.2888, 11.1888, 27.239
53.4178, 36.749, 3.81449
20.7015, 61.7403, 57.8957
44.6102, 49.6686, 42.827
57.4877, 23.3159, 63.1646
37.5396, 10.7643, 35.2978
7.99036, 37.8495, 56.9309
37.435, 6.41241, 38.4631
28.7284, 31.6626, 32.0803
56.7777, 56.0208, 42.0856
60.9739, 17.5185, 44.0022
60.1749, 58.6452, 21.9696
42.3423, 31.7858, 1.38779
6.04678, 42.1429, 24.8967
29.294, 22.1058, 57.1224
45.4937, 49.8744, 61.1318
47.0669, 57.1278, 29.9933
54.7701, 36.6056, 52.6001
1.81798, 32.3437, 46.4461
10.6426, 44.2536, 22.4734
15.0221, 49.1552, 17.3258
8.27622, 26.4355, 53.4791
57.876, 52.0628, 13.3378
40.9401, 24.5241, 38.3114
11.7845, 45.6902, 24.8626
59.6842, 13.2537, 33.1665
46.3179, 51.8773, 48.027
57.8575, 15.5274, 32.5939
1.46052, 18.0975, 61.9488
5.5856, 14.5907, 9.81864
11.5562, 37.0748, 42.65
14.8261, 24.0369, 30.5357
34.7957, 52.1458, 9.19086
14.8306, 28.9648, 62.95
51.0782, 49.1636, 48.4602
45.0195, 46.7625, 54.83
23.99, 43.938, 48.8835
20.8587, 55.1613, 8.49056
62.1478, 36.1415, 5.47048
41.8685, 14.338, 11.7374
62.4494, 52.1094, 59.9397
30.9352, 58.3756, 28.2186
55.5862, 9.06955, 15.0357
33.7722, 10.2784, 13.5442
47.7478, 61.4381, 17.6048
8.82554, 26.4347, 40.951
22.7721, 15.812, 26.2086
58.1561, 16.807, 4.08381
57.7738, 6.767, 31.2875
17.2428, 10.7064, 28.0524
33.2527, 18.7655, 55.1276
5.33976, 38.3792, 23.7484
37.5266, 3.29669, 6.78641
51.0282, 40.6672, 59.3329
52.8826, 56.2293, 10.1306
37.9796, 20.4159, 34.5089
52.7601, 18.0006, 38.0057
5.79455, 25.8273, 4.07593
55.4803, 30.534, 54.2254
62.1139, 18.2624, 16.1299
41.6391, 6.60385, 38.4814
9.32502, 20.9775, 42.588
56.4929, 3.26877, 44.0478
3.14512, 23.1421, 61.6004
50.5412, 29.4842, 11.0253
37.6991, 6.30784, 42.0074
29.4146, 44.2091, 17.8504
26.776, 31.7432, 37.6421
3.42628, 49.3577, 14.6451
11.6082, 21.7242, 23.8727
53.7464, 7.41146, 42.6977
6.92362, 17.8005, 31.6921
23.0653, 32.6665, 38.1406
34.9899, 18.8334, 24.359
58.7031, 19.9226, 31.5134
26.8261, 21.7884, 25.2563
17.85, 51.9686, 35.1725
24.3627, 18.6548, 13.4429
0.654981, 17.9833, 22.0161
56.5913, 48.193, 25.8383
23.7348, 52.1462, 27.474
49.3961, 27.0762, 9.57604
14.2366, 62.9868, 59.4041
33.4866, 8.1754, 10.8423
32.6617, 5.35268, 63.0629
48.8716, 58.92, 40.4133
28.5121, 22.8691, 29.3082
51.927, 2.7745, 1.0722
27.3994, 42.2178, 4.38179
29.2971, 55.7804, 0.302152
34.5118, 56.4627, 28.9747
5.53668, 22.9488, 12.7774
39.3434, 10.1425, 34.233
32.7866, 50.7467, 17.0948
19.2104, 58.5826, 9.05185
35.7564, 14.0436, 13.1805
7.4653, 22.8136, 52.5721
8.40497, 11.9842, 29.7724
35.9178, 57.8159, 1.7847
55.9681, 51.5236, 54.3579
36.6474, 1.36755, 30.6956
59.3592, 8.77446, 58.5233
47.5234, 9.32631, 25.1132
45.4783, 55.9555, 53.8374
60.3923, 37.8343, 17.5361
61.2363, 17.7541, 48.9293
37.1596, 38.1823, 27.0685
27.6718, 24.9527, 31.5931
42.9437, 27.2429, 13.5727
19.9874, 16.78, 21.6494
46.3926, 6.5989, 4.03746
6.89776, 30.3775, 51.7859
21.2114, 19.2433, 1.04384
34.8948, 31.4554, 40.686
7.66656, 2.05575, 45.3973
10.4094, 6.7773, 48.5418
46.8165, 4.44253, 21.5964
29.6554, 33.7514, 20.3032
60.0808, 18.247, 48.2904
33.1305, 21.5484, 21.7535
25.3613, 30.5598, 0.471491
11.6151, 1.52704, 2.99978
34.2747, 63.3243, 58.3533
30.5393, 51.7944, 29.0786
41.5149, 17.2515, 5.70307
5.4835, 17.457, 61.1335
51.4954, 56.0575, 53.018
42.9938, 24.4679, 50.7155
55.9598, 51.7668, 54.7322
17.2672, 38.7228, 28.4671
28.543, 21.0504, 35.5052
53.4818, 61.9956, 38.4923
9.85842, 11.6959, 50.7173
51.1619, 18.9951, 5.10898
44.3882, 54.4296, 38.3289
34.9721, 39.8824, 49.2234
36.0484, 23.2072, 19.8845
46.9568, 43.9656, 29.3983
23.9531, 62.5294, 18.6275
42.4049, 44.4509, 26.9871
33.7018, 59.9019, 42.1544
9.63862, 55.2618, 23.6633
50.8044, 25.0642, 5.21426
27.8561, 51.264, 16.6857
42.626, 38.9929, 32.699
54.6742, 6.88034, 55.6657
2.86586, 56.897, 9.1335
16.2602, 52.307, 56.5519
60.5664, 59.5988, 6.88085
41.2081, 42.7473, 52.7013
53.4436, 8.17653, 11.9457
20.0819, 1.99218, 15.1502
56.5974, 50.3726, 20.9455
8.1599, 31.623, 21.9388
13.4976, 27.6326, 50.0066
56.7403, 52.7411, 5.44975
5.9168, 13.7955, 22.3685
17.4744, 36.3021, 24.1126
18.1139, 9.06544, 27.9337
62.45, 51.8251, 48.5181
27.8923, 26.9842, 57.5109
55.8497, 54.9456, 53.7566
40.5492, 54.3293, 35.4071
11.3494, 17.9138, 35.343
43.5331, 8.46686, 21.5426
6.6769, 42.0755, 26.6609
53.1231, 2.36414, 53.6242
6.16019, 56.4812, 50.6268
51.0207, 0.51764, 11.5998
61.3747, 12.1838, 30.858
11.2326, 28.97, 58.4357
15.6775, 16.5102, 14.2617
45.2061, 40.9741, 6.61986
18.7611, 23.1893, 2.18018
58.4774, 4.2954, 6.62498
52.8362, 10.756, 12.3099
55.2333, 38.888, 23.2904
27.3553, 49.6238, 62.6358
46.9611, 23.1991, 54.4132
9.57143, 48.7949, 48.773
52.3697, 57.1644, 14.0514
38.2803, 30.7235, 46.7286
19.7629, 3.64506, 62.6469
17.8883, 62.5486, 47.1073
27.231, 50.4271, 27.6294
50.1465, 9.23657, 63.3223
25.6928, 59.1025, 49.3829
33.375, 25.104, 17.0086
2.79815, 35.656, 60.7163
60.3867, 31.5916, 37.3961
11.3984, 23.5234, 9.42288
42.3911, 38.502, 10.9048
11.8406, 3.74549, 45.9716
3.04466, 52.1749, 45.2097
41.615, 5.39735, 18.5063
33.2143, 14.5081, 16.3487
23.5921, 30.7876, 25.9705
46.0528, 35.3077, 36.8134
28.0241, 42.3146, 37.3887
43.9972, 5.16044, 34.3758
30.4762, 0.767057, 7.2403
53.4936, 61.2563, 18.4982
41.7899, 33.0559, 7.98656
7.77889, 63.8786, 23.7379
61.5936, 23.1875, 11.8542
46.7978, 55.5425, 29.153
3.62, 0.427341, 4.42896
58.058, 4.9165, 11.6329
62.9001, 37.8957, 17.3079
42.7938, 34.5365, 52.423
54.2469, 29.3294, 24.0308
3.42493, 20.8148, 8.70293
56.0064, 5.64115, 59.5974
62.7729, 62.8101, 25.4184
49.3121, 55.0056, 53.3841
37.1807, 53.5931, 34.0557
53.7372, 49.8517, 6.56349
28.7979, 31.6905, 30.9891
34.9496, 33.2204, 24.5893
2.37698, 22.9261, 34.3865
53.7268, 1.79049, 21.2904
1.61297, 28.8896, 45.4024
46.8691, 1.2008, 35.1088
62.8624, 36.2627, 17.6008
27.1735, 56.2, 54.794
35.9283, 16.9477, 24.3634
50.6057, 13.2453, 30.5553
2.97135, 45.594, 14.7066
13.6984, 17.4931, 6.0799
46.2413, 63.3617, 37.5765
14.8945, 62.0522, 35.666
49.1047, 47.8951, 39.0316
12.1243, 16.6612, 34.2893
9.61341, 21.3274, 45.8943
59.715, 28.5556, 49.3859
30.3524, 7.17499, 63.7835
37.9198, 46.0389, 16.6986
37.1685, 48.9815, 32.8196
39.9474, 10.1845, 1.19083
16.4108, 21.2419, 0.137132
24.7442, 52.6223, 7.81084
19.0311, 24.9175, 30.6292
43.4146, 49.8511, 38.0401
5.83896, 56.4082, 15.0031
33.8805, 26.2107, 9.5191
54.033, 19.5918, 9.84176
17.6704, 50.1455, 58.0887
35.6085, 11.4967, 46.3324
55.5135, 35.2604, 60.1032
35.3163, 27.6939, 21.1012
27.9768, 16.1499, 53.3698
61.7695, 53.38, 27.499
52.4642, 61.2682, 38.5159
51.1377, 47.4949, 5.94564
46.0548, 29.6313, 57.9621
32.6582, 8.99497, 57.4613
13.9019, 21.9225, 24.7354
21.5784, 44.8765, 17.9953
43.2532, 11.2931, 28.2905
20.9139, 1.12044, 0.311987
11.343, 52.8478, 42.8837
48.9003, 47.0248, 13.7334
35.9627, 31.2704, 32.5063
38.2799, 51.4073, 49.4082
2.98518, 44.0078, 43.2411
40.1049, 11.1802, 30.0961
11.2037, 19.9519, 27.1793
4.03084, 53.9032, 54.4316
16.9556, 63.2563, 53.9257
6.10682, 26.7357, 20.1161
25.2404, 35.4103, 1.55691
24.6837, 34.8667, 35.4206
57.5567, 62.1062, 27.0083
3.8162, 56.3674, 20.8705
30.0794, 13.9287, 14.7767
50.371, 35.2331, 12.29
27.6808, 19.241, 35.4013
1.58721, 37.2581, 41.0412
39.6343, 12.1916, 15.7379
17.606, 55.1228, 54.7239
5.73917, 60.304, 55.1958
49.8594, 18.3384, 4.88563
34.8184, 59.3505, 3.29208
34.694, 15.8828, 45.2215
56.7042, 40.0614, 19.1826
7.37463, 7.34274, 38.161
38.3479, 43.7023, 5.91175
60.0082, 5.85879, 16.2743
41.0182, 63.2688, 59.4065
40.6688, 43.7589, 46.3203
1.7059, 25.1798, 50.2467
57.0255, 18.6148, 10.6787
30.7944, 58.6774, 1.48965
37.1128, 21.9192, 15.2884
3.08247, 31.9915, 59.2518
26.4652, 47.5247, 44.7479
6.32738, 20.1235, 0.953504
54.0674, 40.207, 60.3106
19.9878, 38.6635, 56.4046
31.0155, 45.4009, 60.2221
42.8192, 33.6782, 31.4026
20.805, 25.4388, 4.89868
20.9653, 54.9614, 49.3956
59.726, 28.1529, 33.3692
54.7275, 31.0225, 3.70433
9.08197, 25.8874, 59.8337
9.38054, 61.3039, 40.1519
28.1877, 9.5977, 58.6
57.3587, 6.05225, 62.3543
22.3658, 48.1171, 16.8598
54.9777, 28.0005, 53.1152
18.6038, 39.0032, 0.229112
17.4194, 14.2028, 24.4035
58.9738, 57.9888, 52.768
4.90348, 47.3149, 23.4037
56.0766, 34.702, 9.13339
59.3407, 24.4587, 21.1917
8.68883, 51.1415, 33.107
18.1764, 18.5194, 23.4918
43.7849, 19.485, 28.7874
8.04756, 50.5392, 49.85
60.2049, 46.6313, 49.4934
57.8476, 27.4876, 9.41699
55.7427, 28.7455, 50.6006
33.2431, 50.175, 28.507
15.7072, 20.3755, 61.885
53.9293, 15.7641, 35.0185
15.9472, 56.7526, 39.5358
58.8847, 8.11373, 26.1866
7.92629, 11.7506, 55.8093
19.972, 6.50894, 50.0687
45.1221, 54.585, 45.0082
45.2001, 35.3481, 57.9837
46.3435, 21.4323, 12.4451
46.5828, 10.5756, 3.5992
60.801, 6.03166, 15.2811
60.325, 28.5483, 56.9191
25.6077, 51.4078, 48.6751
46.6198, 24.355, 12.1769
30.7025, 3.85207, 53.568
47.501, 54.8167, 39.4159
31.7094, 44.7414, 61.2363
3.50893, 6.02446, 40.4761
26.3065, 35.4317, 35.955
6.32343, 40.0118, 49.0136
54.5178, 48.2995, 63.1119
29.5224, 9.27156, 61.3423
36.7548, 26.0411, 53.7616
32.6412, 34.3641, 62.434
34.7995, 23.6237, 32.9842

Final positions:
22.1055, 13.4188, 51.8718
55.4844, 1.95806, 14.7459
38.656, 59.5916, 35.7441
11.1584, 52.1599, 0.102388
10.1228, 16.5966, 1.90077
9.70571, 23.3633, 50.8537
58.3054, 1.04064, 62.0389
27.7393, 5.27704, 33.1549
52.2656, 17.1916, 3.60617
24.3261, 10.738, 56.2831
58.5573, 18.6044, 38.9712
14.8687, 50.5359, 28.9837
10.6116, 30.5718, 18.1653
62.7686, 15.0425, 12.9063
32.2671, 11.6304, 61.3307
4.00811, 46.0882, 5.98037
54.6252, 56.5767, 23.2438
28.9773, 26.4584, 27.8951
60.6929, 45.5415, 44.6325
17.2085, 21.4553, 54.9384
37.8614, 5.59266, 59.5868
17.9012, 41.1955, 39.6733
63.3784, 11.6591, 28.9566
36.0314, 25.6194, 20.5089
48.7058, 2.66623, 20.5436
62.3157, 59.0121, 12.0221
24.9177, 51.5923, 49.1069
33.8907, 15.4057, 12.4504
60.0017, 34.5493, 58.2912
55.2152, 9.30786, 0.600488
10.3664, 43.8554, 32.7706
33.1003, 56.1129, 3.83486
9.37153, 23.6002, 19.0954
20.5797, 55.3047, 2.72025
26.0094, 16.2228, 25.0904
32.3007, 15.5168, 39.2681
26.64, 6.69475, 35.5082
20.8882, 48.0589, 28.6289
39.3241, 10.2464, 55.7441
44.4059, 37.3887, 2.80152
27.3696, 35.709, 30.4863
22.6768, 30.2799, 31.6597
10.8074, 10.4928, 34.2171
52.3523, 55.8795, 1.00837
23.3263, 15.7167, 56.6593
1.73064, 33.4467, 61.8235
18.7919, 28.2864, 5.18937
24.9721, 43.5182, 58.3751
47.0489, 8.65848, 9.64668
50.3536, 7.61995, 29.2482
34.1146, 44.1797, 59.4076
15.1255, 0.549758, 16.3387
31.7115, 57.5771, 20.0511
4.42789, 20.1905, 36.857
37.4969, 47.1737, 8.97252
45.5012, 38.3067, 48.8744
50.5913, 38.5407, 34.1753
52.8521, 27.4434, 12.0273
58.9131, 14.9758, 18.842
60.5316, 28.7139, 42.6577
37.9438, 36.9174, 0.715031
44.2938, 61.1753, 50.5526
23.7065, 60.5079, 54.4901
3.2174, 30.9885, 30.9315
44.657, 37.7703, 18.1479
8.45059, 63.5919, 44.3563
47.2084, 5.39383, 43.059
50.249, 38.4766, 57.1776
37.1255, 15.1474, 0.303746
2.27575, 38.3722, 27.2777
11.947, 24.125, 54.2214
56.475, 39.1299, 7.53284
18.665, 53.938, 18.3978
5.41399, 34.2531, 4.60124
11.6917, 59.7263, 39.2411
63.2625, 16.7556, 18.5479
0.906401, 23.0589, 58.0442
59.8379, 10.9789, 8.35379
2.85027, 37.9501, 55.7121
27.0745, 56.3728, 3.97603
30.7612, 51.0456, 58.1158
13.4993, 19.4491, 61.8738
6.53945, 56.8408, 33.1103
16.8144, 50.4484, 51.6773
31.0376, 48.7413, 50.8335
32.1948, 20.3033, 61.9982
18.1054, 28.7804, 27.2064
25.7347, 7.58097, 36.436
51.5932, 62.6807, 36.7481
11.9128, 43.7049, 28.4151
9.27945, 15.7165, 7.78714
19.6192, 57.2226, 52.233
48.3565, 25.9539, 22.9709
56.5183, 39.3218, 14.6159
59.5845, 31.2134, 16.3207
53.4729, 27.8649, 24.3317
30.7992, 39.4665, 11.671
49.0817, 31.6239, 48.4083
47.8775, 53.5745, 4.57273
12.0163, 39.678, 1.88374
25.9736, 31.6172, 13.008
51.6211, 62.5994, 62.0775
40.4067, 22.3247, 43.8335
61.4991, 7.59669, 12.2817
39.301, 1.4181, 5.11989
35.7183, 60.0356, 33.254
45.7112, 50.2687, 20.4309
61.8999, 24.5557, 34.9206
24.2859, 12.6714, 38.786
15.7861, 54.9794, 10.5468
51.4794, 20.9619, 59.7282
40.1777, 37.4545, 32.9398
35.4523, 30.8529, 38.6573
5.46318, 53.4223, 7.56971
15.9306, 45.0727, 20.7546
56.8174, 3.68904, 57.6434
9.35251, 58.0378, 44.5565
16.125, 43.2106, 10.7198
17.083, 28.128, 20.602
8.32057, 32.8033, 21.8255
36.3695, 9.89357, 42.4024
13.4195, 39.4159, 19.4879
41.2358, 45.4686, 32.9158
6.4999, 8.57713, 4.16902
51.0213, 35.9166, 51.1896
6.01595, 52.1277, 55.0708
25.3474, 62.0107, 14.2909
60.8605, 27.4773, 44.072
48.6437, 23.7838, 55.1388
31.8658, 51.9583, 13.1462
7.93477, 37.2821, 53.7984
29.5715, 19.0984, 58.7982
43.3302, 4.27342, 54.4469
1.6136, 2.86464, 46.7973
45.9244, 26.5369, 53.0621
42.0786, 60.0334, 56.2366
36.1162, 4.43501, 46.4808
51.6393, 61.0209, 38.7561
8.10816, 5.67689, 10.0405
21.8679, 38.3698, 47.1521
25.6053, 33.2864, 45.3953
7.52127, 42.956, 7.04601
10.2562, 14.3846, 23.73
41.6, 48.7395, 61.1328
19.4526, 54.6969, 39.451
26.9215, 8.46587, 4.84541
52.2208, 2.47853, 5.83177
47.4207, 4.94513, 37.3119
57.6748, 60.7571, 18.4174
14.5943, 57.5273, 2.92274
16.067, 54.4097, 12.0727
43.0067, 27.1808, 20.9716
48.8468, 45.5142, 38.2253
40.5847, 10.3713, 0.593947
5.882, 26.6329, 49.3751
52.5238, 2.70727, 57.5064
26.6141, 60.7403, 60.1293
19.6598, 18.5071, 38.0373
46.1154, 22.186, 18.5728
35.0539, 1.14263, 32.901
28.3962, 6.37188, 61.4718
0.353891, 60.2739, 0.489319
3.56628, 1.63408, 52.6993
51.2072, 47.9322, 54.2418
54.4811, 10.5783, 57.5129
44.268, 22.2006, 39.2184
45.6497, 18.7462, 31.2069
7.03329, 2.84635, 7.39756
5.04296, 57.338, 0.681008
24.9482, 40.5532, 10.5669
7.94893, 39.5112, 52.488
61.6303, 56.6612, 22.5457
55.4483, 6.69898, 53.2317
8.10343, 32.5802, 43.3793
0.0951667, 6.62282, 13.8499
19.2903, 45.8745, 47.0638
31.3322, 4.95071, 59.0308
34.7497, 61.5601, 38.9266
50.1479, 50.0591, 39.6953
38.8191, 36.0115, 62.7855
23.8653, 4.64486, 16.8323
25.8728, 49.0036, 60.5234
13.215, 58.8499, 13.986
35.9592, 21.8122, 28.268
50.6427, 3.56075, 33.1095
62.9782, 26.695, 18.3869
23.0921, 26.9386, 1.36649
54.6247, 28.9698, 16.4327
52.5355, 43.3306, 14.22
46.0451, 49.3336, 35.6675
57.2906, 14.3307, 55.8847
53.5413, 62.7981, 17.9877
57.5832, 35.5057, 46.8572
38.2632, 45.8708, 26.4873
3.12758, 47.1224, 43.7625
62.1234, 53.0332, 63.6503
13.977, 42.5468, 10.1734
27.5795, 19.8547, 63.8674
17.0985, 15.3104, 54.1187
24.5194, 57.406, 11.4611
6.40377, 61.4007, 23.2046
51.6089, 1.00935, 15.9718
31.5681, 62.9791, 16.883
15.5805, 30.3586, 52.9385
59.5551, 52.3053, 28.1359
16.9675, 38.2341, 8.13339
1.25042, 11.7628, 19.7028
38.8981, 55.4816, 1.91154
14.8365, 35.1541, 7.94939
35.6181, 28.3751, 22.1348
45.3044, 59.6473, 32.7674
5.44104, 47.8081, 42.1292
59.0511, 11.7728, 15.8977
6.74498, 45.4529, 21.169
26.7621, 6.08713, 20.5307
47.5703, 32.175, 13.0253
49.375, 35.4972, 38.1028
28.5318, 18.6291, 30.8761
39.8486, 58.5892, 45.9097
35.4068, 24.2021, 19.8273
42.5381, 57.2929, 63.0605
18.1967, 22.6323, 22.1981
6.22086, 63.4238, 28.2465
23.3937, 54.734, 61.6893
16.3617, 13.3119, 6.62517
52.5896, 55.0795, 43.4601
51.9941, 36.9059, 62.4512
37.8105, 63.1972, 21.1115
48.7362, 38.1835, 23.3568
33.2616, 4.41237, 2.62905
16.6835, 1.35801, 14.3559
61.7099, 50.9937, 21.444
62.5299, 41.1955, 17.4157
37.5634, 41.3834, 1.55983
18.6442, 39.7404, 14.9927
16.1797, 63.1668, 63.8761
48.5967, 1.79244, 4.07332
60.9409, 32.6247, 26.6606
32.6355, 14.1422, 39.2706
17.2273, 40.9679, 13.0586
2.19122, 49.61, 1.74675
28.1809, 26.9932, 47.9782
38.4099, 59.828, 25.7464
50.2338, 38.6473, 24.706
52.1261, 10.8722, 25.6056
17.3759, 44.5114, 29.207
55.2774, 7.49923, 34.5481
11.2433, 41.8432, 30.2624
52.8535, 7.242, 23.5388
6.60754, 30.4404, 46.6358
50.843, 27.3578, 26.6031
37.7393, 27.2219, 29.1637
21.9905, 63.4413, 51.2903
23.7562, 26.977, 18.2558
22.6789, 8.1989, 48.4667
55.245, 12.6536, 45.0867
53.1864, 52.2741, 23.7352
16.8829, 2.82806, 19.4505
43.479, 16.7765, 40.7129
3.88889, 40.8682, 59.2473
60.603, 34.7682, 51.1675
15.3461, 11.5557, 56.5263
50.1453, 38.3283, 29.94
63.7955, 48.949, 46.2561
62.8055, 16.8526, 52.9577
1.01141, 55.5209, 3.52018
35.2587, 31.139, 16.9526
26.6546, 50.1647, 43.3752
63.6204, 2.74859, 28.3598
2.3833, 32.4766, 20.3574
12.6531, 1.78517, 5.08868
53.5305, 59.0815, 42.0525
50.2679, 4.69162, 41.3541
22.3143, 27.673, 53.3565
13.1123, 9.38241, 36.9756
1.68646, 54.1602, 21.8681
53.1524, 17.2162, 37.6914
38.4314, 13.9931, 13.1153
21.5606, 6.03052, 40.8221
2.88118, 19.2154, 19.1293
46.4729, 61.5772, 45.8455
22.4661, 14.1946, 21.6521
1.74137, 14.3591, 32.9442
23.7167, 2.51266, 7.0881
7.57174, 4.94276, 57.6272
58.7323, 11.2531, 37.0416
42.4787, 56.02, 40.8568
40.4327, 6.51106, 22.7738
17.5281, 35.9244, 15.1018
49.2824, 25.1274, 54.7637
1.80506, 2.28993, 46.9517
14.6503, 28.6444, 22.6006
34.1885, 17.7582, 50.9846
3.10197, 16.3969, 35.7985
17.7224, 46.1297, 30.6143
40.1513, 53.3322, 17.8416
39.7009, 25.1668, 51.0483
33.609, 2.59611, 40.3388
35.9211, 17.1628, 38.1709
13.4821, 9.77243, 18.627
14.5529, 38.5729, 3.22927
53.8861, 32.4561, 13.4375
29.5708, 60.5199, 16.119
46.5351, 31.1501, 56.2911
17.0922, 11.069, 0.00172903
42.656, 4.18879, 54.8606
25.2749, 41.4664, 14.5742
10.7777, 43.6337, 46.9384
11.4086, 44.1209, 42.4865
5.71126, 39.1243, 18.2601
47.4569, 45.2855, 0.0782456
23.0793, 55.9969, 58.1448
34.233, 9.35465, 12.2496
6.88487, 47.9123, 47.3771
12.0159, 37.8993, 41.6186
17.0014, 27.8203, 36.2155
51.5291, 6.01598, 34.0868
63.5765, 35.6492, 62.5857
16.1402, 5.49086, 16.0474
43.2996, 54.3401, 35.4749
33.2106, 44.0489, 26.4147
9.01691, 10.9709, 39.7169
1.86622, 39.5657, 39.4126
20.142, 43.0177, 33.3734
45.2685, 9.29251, 34.1398
53.4707, 7.09982, 54.8664
53.6218, 55.8018, 20.6678
19.3362, 35.8475, 57.6044
36.7104, 37.6357, 26.642
8.22533, 56.4565, 43.303
12.4523, 24.3057, 1.06102
13.8144, 26.3599, 13.1108
34.2921, 36.7109, 60.4968
48.1536, 11.5003, 33.4392
27.16, 44.6062, 53.138
49.864, 35.4084, 54.1675
19.6952, 46.6529, 23.6547
59.1084, 23.37, 45.2648
58.2005, 42.7128, 38.5485
26.4009, 37.3676, 4.90441
57.1711, 53.9646, 42.0913
31.591, 63.0177, 32.8931
19.6971, 26.7566, 39.9783
31.9941, 2.77987, 9.73855
14.5293, 18.9336, 57.3562
6.85267, 3.71354, 14.3523
3.37759, 42.6159, 55.6731
50.3419, 39.7229, 10.7309
48.7248, 58.303, 33.8393
53.5466, 51.9317, 24.6914
27.971, 13.3549, 58.634
25.8245, 11.6723, 61.166
54.1166, 55.8296, 26.3249
5.56808, 3.78849, 31.9172
46.2406, 32.1909, 52.6453
45.8152, 38.7333, 48.6036
54.024, 63.7033, 3.56977
50.8762, 11.4489, 47.7437
43.3153, 55.8958, 27.0756
14.6739, 48.6852, 10.7741
12.1683, 27.2752, 60.3569
33.6074, 59.5279, 38.9258
59.336, 55.9902, 1.80419
42.5728, 36.3821, 11.778
33.8282, 38.8615, 12.5475
44.8885, 59.7386, 56.2038
45.4801, 20.7812, 46.4951
53.5482, 25.9925, 48.5827
36.2597, 10.1124, 36.8047
20.1007, 38.8902, 15.5038
31.6664, 60.9223, 8.54775
58.4821, 16.1546, 5.72589
16.2111, 1.89317, 46.6227
26.2604, 12.5138, 43.12
3.60301, 34.0199, 3.71424
40.8893, 7.90497, 16.3143
2.10314, 23.3128, 23.0702
41.3172, 58.2866, 47.3524
45.1407, 4.90884, 15.3252
20.1087, 17.1718, 16.9407
28.0764, 26.4744, 55.6203
14.6201, 22.7652, 41.7735
22.2419, 18.4473, 36.7371
5.49862, 41.8711, 52.3512
61.9665, 29.8697, 25.1646
44.3549, 37.3204, 24.3177
25.3345, 24.3022, 17.5142
16.491, 54.832, 48.9547
47.9396, 29.2099, 63.8976
4.18756, 14.5369, 50.4204
48.7102, 24.2648, 50.9909
21.0027, 3.35948, 33.5761
7.62495, 15.1614, 59.0918
30.429, 10.6508, 49.3273
6.80805, 43.8783, 31.5748
9.53274, 30.991, 54.8369
51.2347, 23.3921, 26.3438
52.8509, 15.9439, 56.6397
44.7327, 43.5784, 13.5391
4.56199, 54.6179, 47.1255
4.04315, 40.1316, 16.9779
31.8497, 55.2517, 15.6886
25.3095, 18.0764, 2.52637
44.5494, 6.2033, 38.312
53.9109, 46.4091, 13.5728
63.2438, 4.76387, 57.4953
28.9945, 19.3222, 33.5976
29.3271, 46.8035, 12.8561
33.5586, 7.24021, 10.802
15.5974, 34.8388, 22.822
47.1015, 37.7115, 46.9268
6.08324, 52.2104, 21.1497
33.3688, 23.0435, 25.769
11.8084, 62.0643, 7.6944
35.0487, 54.3235, 43.4016
8.37347, 44.9942, 27.5918
19.6015, 19.4177, 53.0347
18.1018, 15.3372, 50.5863
16.043, 56.4442, 39.7153
22.6819, 0.144181, 16.0871
62.3964, 13.3499, 1.05013
24.5031, 18.8654, 56.1216
28.8736, 36.084, 0.379052
53.404, 22.7018, 8.61777
49.3369, 56.1268, 6.96368
57.8653, 20.7135, 44.4388
58.1946, 56.4743, 36.8023
16.8593, 18.7634, 57.4846
61.1336, 52.558, 29.5327
63.5497, 38.931, 50.8221
44.6282, 8.448, 7.12818
0.753535, 36.693, 36.1143
12.8144, 16.111, 26.6108
31.1697, 25.4584, 21.3958
8.36833, 11.8866, 18.0574
63.7325, 26.8555, 32.3076
57.6958, 35.3738, 10.7819
55.5205, 31.4785, 53.2753
5.27979, 15.3419, 35.4176
25.5172, 55.9322, 20.6207
38.8217, 15.9621, 54.9009
1.58084, 47.8996, 7.39045
11.6558, 60.8099, 28.2901
4.62061, 23.7964, 39.2611
23.8775, 16.5198, 17.7657
49.045, 61.6673, 23.6774
13.8721, 34.6491, 39.6043
58.2164, 3.87495, 22.3337
37.65, 34.0708, 50.2967
2.58717, 11.0742, 20.171
5.59931, 37.6643, 27.1986
56.9578, 7.26135, 37.5052
10.1818, 38.531, 8.40166
23.8795, 8.22076, 60.25
23.2649, 4.22599, 42.3363
63.431, 43.2079, 54.9571
43.5029, 31.3803, 12.5911
61.1212, 24.1929, 1.7232
16.0185, 7.64819, 44.6859
19.6319, 2.2022, 55.7876
2.26868, 23.0955, 33.437
21.398, 37.2592, 14.479
12.0152, 36.1844, 56.0074
22.2657, 32.9494, 2.55271
40.7941, 30.1042, 54.4849
25.0534, 62.5407, 41.9908
7.3687, 13.087, 52.147
17.1076, 61.9816, 42.9802
45.5421, 51.9314, 14.6936
60.024, 39.5434, 45.781
62.3032, 1.1615, 39.8392
21.735, 49.8112, 23.7088
11.9947, 25.2338, 7.41078
61.612, 14.9714, 19.5371
31.8222, 51.7927, 47.0525
19.9427, 41.0105, 41.0136
17.9852, 46.5231, 27.0134
36.1906, 60.063, 43.7382
34.0474, 29.8223, 38.0045
46.6862, 44.4811, 17.6226
20.5315, 47.087, 38.2647
32.9079, 41.9377, 32.4224
6.16129, 27.7858, 48.4434
45.3407, 7.11333, 46.0041
46.9105, 61.4646, 15.5398
30.014, 29.0312, 42.311
59.814, 0.962096, 33.8075
58.7935, 46.3727, 25.9248
4.21771, 10.1947, 49.0699
29.6781, 46.6143, 6.87843
47.8421, 63.3326, 2.59068
56.2408, 36.636, 46.6956
14.067, 24.6338, 54.269
59.1509, 51.3114, 28.2511
51.749, 15.8575, 17.5131
54.1341, 1.54096, 53.9613
47.4387, 30.5656, 58.421
17.1528, 45.5668, 1.28972
15.6332, 0.944218, 26.7008
57.9437, 23.4399, 58.3944
20.05, 16.0889, 18.0279
31.4082, 60.4663, 22.355
30.8964, 32.0161, 63.5458
17.5609, 32.8229, 12.2145
10.9284, 10.709, 27.0372
33.0401, 39.2613, 54.1773
18.0705, 42.7928, 27.481
18.0524, 51.0087, 10.8834
0.59809, 16.973, 21.9041
34.0351, 34.6503, 37.0127
46.2116, 30.2878, 54.4659
6.67858, 29.607, 7.5589
20.9663, 53.5828, 45.8851
9.4445, 44.5207, 10.0514
61.1454, 33.0098, 17.0568
60.7586, 37.6821, 60.5187
1.51055, 22.4883, 4.07668
57.8373, 3.95127, 59.9954
48.0867, 26.5523, 29.7332
2.4099, 56.7395, 2.27848
36.4946, 57.8415, 60.3978
20.3919, 24.6399, 55.6246
3.92379, 10.1669, 2.31021
58.6611, 25.5889, 41.6452
62.6379, 37.0414, 20.0606
5.72257, 34.7671, 18.6252
13.0762, 46.3832, 63.6834
25.7789, 5.94571, 17.0835
8.44456, 54.2262, 52.455
37.7855, 0.833936, 30.5542
10.5126, 50.7595, 16.5283
41.5055, 59.0333, 35.3478
54.3285, 21.4443, 62.8472
19.7414, 47.665, 23.9418
47.1139, 17.4322, 40.6895
32.7808, 63.2786, 45.2737
52.2576, 57.4273, 39.461
2.03401, 22.0822, 37.4649
27.7472, 18.6241, 2.02552
32.4933, 8.97217, 57.7381
15.355, 23.5949, 57.5267
48.5961, 31.6589, 34.9275
63.0234, 52.1347, 44.0365
40.0348, 18.3887, 21.4082
15.8334, 45.8329, 45.1031
63.2283, 22.5001, 24.8504
56.9624, 28.1723, 15.9765
13.4851, 35.3281, 46.0271
16.0246, 48.2092, 3.35807
56.9428, 52.9863, 51.8709
13.0511, 61.6182, 1.05104
45.5612, 31.694, 20.1344
17.9984, 3.24863, 30.2785
26.5027, 29.7153, 37.5158
57.0231, 53.7035, 42.6492
29.8263, 4.16018, 55.8929
57.5069, 49.4557, 41.9521
43.5905, 6.41872, 11.9859
36.0412, 37.9075, 0.393562
63.3303, 37.3319, 5.13865
42.7349, 46.8854, 40.7228
22.9857, 13.0552, 37.5787
56.0789, 60.1149, 44.9741
42.1686, 13.9741, 38.037
39.2119, 61.8876, 27.9883
45.3352, 44.231, 0.446671
48.575, 32.9006, 45.3846
19.1756, 43.8748, 46.9327
29.127, 58.1559, 12.4764
31.7432, 47.8338, 33.4565
17.6235, 63.4605, 1.95461
0.919655, 10.1732, 59.7638
53.0675, 60.4387, 47.94
26.3205, 16.7451, 13.5198
62.0358, 27.3754, 27.1022
10.485, 17.6377, 35.8642
52.6374, 47.3292, 15.4186
40.2383, 62.1738, 2.81647
54.1203, 48.5375, 8.57594
59.5712, 49.2589, 51.7902
14.5726, 59.7112, 49.2051
63.6418, 40.8883, 11.7393
7.9819, 35.4364, 17.8985
55.9565, 36.2485, 8.78383
30.3844, 19.5338, 35.3659
35.8753, 56.2431, 45.1032
31.3027, 33.8147, 42.5986
9.95708, 63.7532, 18.2903
27.6898, 39.4316, 20.706
58.549, 57.3337, 14.184
17.538, 31.0282, 57.0572
14.607, 45.9337, 55.9352
20.8291, 47.4907, 47.0542
21.5884, 20.361, 30.5998
15.0921, 25.2164, 31.6089
21.7266, 53.6777, 44.5539
21.9207, 36.429, 13.7424
31.2821, 38.8834, 6.18006
51.3963, 13.8192, 10.8474
63.2396, 41.7588, 50.9359
12.9395, 51.3476, 39.5998
29.5779, 5.53391, 59.029
45.1538, 41.1259, 55.6509
31.2453, 55.0678, 49.9761
19.5365, 53.0929, 28.1992
32.5561, 12.4512, 49.8692
20.0584, 30.0503, 50.6244
53.7716, 28.2284, 57.9481
58.6339, 47.0311, 47.9494
48.8906, 24.9363, 60.7938
9.20338, 20.8896, 0.749476
2.59324, 16.2375, 53.6606
8.21074, 11.0147, 19.7438
51.8635, 0.940192, 10.7381
49.9725, 58.539, 6.33736
46.5952, 46.4978, 5.21185
16.2981, 38.277, 22.5249
5.0733, 47.1458, 43.9556
45.5504, 14.1412, 26.1084
21.8627, 63.5221, 55.8934
36.7181, 45.3069, 24.3493
23.0552, 46.6775, 41.4106
21.5178, 46.7314, 16.524
43.9437, 48.8823, 38.1161
4.37283, 6.2748, 35.6652
15.7502, 4.86744, 52.5453
28.5488, 23.7959, 59.8837
47.5431, 57.8222, 15.7109
3.29324, 37.7672, 29.4884
34.4263, 6.97987, 24.2258
35.9056, 34.755, 39.6298
27.7466, 45.4958, 17.2966
20.6096, 17.7854, 61.6981
33.2253, 49.3611, 31.0627
1.1964, 34.1344, 50.0289
11.8103, 47.0199, 14.3376
30.5243, 26.2643, 48.3473
40.6324, 40.9848, 49.6111
25.8177, 48.9585, 37.0624
45.2064, 20.0336, 44.2655
38.3722, 46.9725, 48.4608
27.5727, 50.3133, 14.8762
11.3288, 6.55448, 58.339
17.4487, 46.9587, 25.9008
53.8172, 13.4654, 31.0492
36.4689, 33.5957, 60.5994
31.333, 57.4962, 36.0353
11.8111, 56.646, 25.7737
38.5279, 40.6981, 1.17336
36.7252, 21.8373, 46.6608
12.5995, 63.12, 0.640916
36.5495, 31.8955, 37.4144
60.7117, 55.005, 1.05204
38.1401, 49.3581, 25.1819
21.4158, 46.8104, 60.0219
44.4056, 41.5423, 9.9354
45.234, 51.1491, 9.50778
31.617, 26.7928, 57.7205
59.6952, 55.8146, 17.8653
51.5315, 32.3187, 29.2891
56.9896, 25.3513, 13.6385
40.7566, 25.4763, 54.7894
24.8476, 53.2818, 37.2312
15.6549, 21.4904, 2.8979
17.1139, 38.9566, 27.8001
49.0896, 60.4655, 9.15841
8.4502, 13.2615, 44.4329
63.8973, 33.0227, 46.4159
41.0821, 61.6735, 57.5219
55.5745, 31.2322, 24.6611
19.2037, 39.8399, 23.9939
57.433, 57.962, 63.379
4.2736, 4.17749, 36.7252
19.2771, 55.8264, 33.7103
43.1238, 25.9567, 15.2235
52.084, 45.2841, 58.0536
10.5108, 56.0319, 52.5955
46.6125, 46.9864, 16.4943
29.386, 30.8013, 57.6118
4.17699, 21.3302, 17.6984
2.35799, 61.5884, 50.0266
45.343, 18.5383, 35.9836
44.9512, 54.0163, 8.63799
40.6081, 54.6095, 40.0766
45.19, 26.3088, 41.2619
28.0354, 40.284, 48.3376
28.0035, 13.3586, 6.12995
1.44249, 59.4469, 49.7244
16.9651, 13.3355, 54.9653
26.9269, 38.4085, 8.74246
53.8973, 47.4521, 32.5338
63.6658, 47.0665, 53.7131
5.24265, 49.3597, 36.4628
13.0795, 29.5261, 20.0206
52.031, 49.7899, 3.5054
2.5755, 47.8891, 62.1178
57.4241, 28.2104, 4.27052
36.8166, 21.0235, 37.1165
16.5579, 54.5366, 25.245
58.0614, 5.65131, 33.1509
24.0296, 46.7912, 34.2988
57.3932, 28.521, 45.6593
53.5385, 31.4746, 54.8932
27.1737, 12.6785, 25.2466
15.8121, 47.9397, 57.3524
29.0063, 12.5396, 42.2444
43.0373, 38.7755, 4.46098
9.8146, 41.4101, 55.8939
60.2669, 13.8861, 47.6667
54.7779, 19.6611, 40.4267
5.71918, 48.8287, 39.1906
22.5785, 33.1698, 12.942
50.7297, 51.1137, 34.4449
55.8592, 27.1788, 52.6809
44.0793, 49.2868, 51.0456
35.4216, 40.5454, 56.7837
57.1902, 23.572, 25.2157
24.9257, 0.117682, 19.253
42.7473, 63.881, 0.41302
10.4932, 38.726, 55.8864
52.2437, 34.3392, 37.1089
43.8287, 34.499, 23.5178
37.231, 11.605, 36.7147
42.7858, 5.00701, 14.2838
26.0526, 57.3002, 41.5068
17.8884, 0.223375, 8.90762
8.16217, 11.6137, 5.66745
39.6884, 62.0795, 28.4356
41.6533, 51.1831, 10.0377
33.2288, 6.79011, 8.94554
63.8759, 3.02573, 63.64
8.99559, 51.8314, 45.0877
59.8758, 24.8376, 43.7609
42.3602, 20.6375, 6.80758
41.7161, 25.2277, 29.5129
7.18693, 50.3599, 30.4737
54.6201, 12.5386, 60.9765
2.92646, 27.7178, 37.0536
8.36284, 10.8602, 19.0363
49.5251, 54.5693, 50.9016
3.42318, 48.325, 27.2985
24.6661, 42.627, 58.7165
12.2604, 54.9478, 28.6069
13.3804, 24.8083, 30.1495
50.8966, 3.47691, 59.9026
4.08491, 4.45661, 47.9031
30.0226, 29.6153, 44.8556
4.26645, 43.4327, 13.0083
53.4547, 17.8973, 34.6258
30.0366, 60.2437, 12.743
13.2836, 17.6427, 53.42
1.10996, 8.35582, 18.303
21.8424, 19.858, 37.4048
32.2966, 57.1259, 31.2348
47.7122, 61.3482, 7.76784
50.9077, 19.5333, 49.4043
5.62375, 54.9217, 45.7872
39.1936, 5.48465, 12.1062
32.3137, 13.2326, 42.4477
40.122, 59.9111, 31.7054
27.7771, 3.08244, 42.7349
62.7483, 8.50932, 9.8285
34.1837, 44.6946, 13.3092
31.2788, 53.8239, 20.0207
36.3398, 61.0782, 45.9426
2.12864, 6.83029, 47.7228
40.0268, 2.35704, 58.6964
24.1304, 48.6246, 6.9464
25.005, 59.514, 3.50573
42.8104, 19.2868, 36.7016
35.1158, 30.2627, 43.2563
16.1231, 21.1199, 46.7347
32.8821, 27.8133, 55.5654
52.9165, 59.6473, 29.2264
28.9947, 11.0944, 16.2552
54.1196, 7.6047, 44.0054
38.8427, 0.905732, 21.9472
57.8332, 50.822, 62.903
62.5475, 56.3641, 39.9652
47.242, 9.51068, 43.0232
18.0615, 1.73802, 24.2549
16.9878, 34.9427, 61.2939
40.6033, 47.3159, 1.36033
14.2152, 6.7408, 18.2166
57.1151, 14.6668, 41.773
13.7692, 30.0645, 60.6259
46.7519, 13.0248, 44.5271
28.7227, 3.82859, 59.5102
1.70783, 16.7005, 23.6749
34.1795, 7.95818, 3.5299
48.4699, 33.5228, 11.5057
27.6441, 31.7241, 25.3374
61.1608, 21.6516, 44.0922
6.22714, 30.8926, 31.319
15.1536, 51.6434, 17.9751
5.05739, 33.0196, 11.055
37.8497, 54.5929, 19.2804
31.2186, 32.5694, 34.9841
31.5001, 33.7745, 0.205269
15.218, 20.5147, 55.5428
52.7557, 37.7282, 52.922
50.5844, 11.6489, 62.2709
32.0787, 60.778, 56.3647
29.5429, 15.8374, 2.38084
35.3444, 3.27191, 34.8595
45.4425, 29.5384, 53.3316
9.41984, 23.1965, 35.787
61.6901, 29.9108, 1.97577
19.8076, 45.3266, 24.2092
57.4328, 31.3852, 44.9918
19.824, 6.51287, 20.5157
62.4258, 55.2654, 44.4607
1.00283, 48.6728, 30.4937
50.8089, 54.2133, 10.1674
57.0742, 38.9875, 23.5152
21.5116, 47.3329, 19.1847
44.5077, 0.0298944, 15.0404
25.6195, 32.6885, 57.3739
14.4586, 28.2787, 41.4479
41.2213, 16.3661, 39.2078
21.717, 23.1662, 37.9513
35.2552, 56.4325, 27.7684
62.5535, 34.1865, 30.7648
29.2596, 28.3545, 21.8351
31.9321, 37.7063, 42.1838
21.195, 29.7939, 49.5488
44.8277, 26.8651, 16.8446
0.776491, 4.51216, 9.5479
7.77886, 31.474, 31.0136
40.3951, 46.06, 11.4981
7.83149, 19.7165, 45.7899
26.6157, 32.3375, 48.0685
19.2374, 23.7398, 39.2419
62.4173, 58.0209, 30.5138
6.5213, 32.9457, 49.1695
53.1953, 51.3152, 54.5641
62.6389, 62.6214, 57.5323
44.6612, 52.2555, 29.1021
52.1134, 16.8331, 10.5074
27.731, 39.5398, 31.2806
44.4428, 9.18674, 55.0574
19.1655, 39.3542, 24.3349
50.628, 2.01287, 26.9386
24.5845, 29.1736, 54.818
8.0604, 15.5374, 46.1303
50.594, 25.6218, 21.6558
46.866, 48.0358, 15.657
6.73957, 33.5205, 5.64666
38.8106, 12.4152, 29.9401
54.892, 1.69633, 34.2718
44.7345, 63.7576, 49.5699
25.4121, 43.7999, 53.0445
21.5528, 13.8364, 27.3165
3.54536, 57.4368, 56.9088
52.8248, 59.0691, 4.99279
55.5835, 7.72223, 37.5121
18.6087, 3.67624, 49.0201
16.5239, 62.4254, 57.0418
46.0869, 37.009, 15.06
44.8034, 38.5528, 54.2164
24.7232, 32.0158, 40.2081
3.60817, 46.1355, 32.8791
15.6846, 1.85574, 25.147
46.4348, 48.1248, 47.5158
30.1131, 14.2566, 11.2838
22.9618, 39.4757, 7.51671
6.45982, 12.6501, 8.34507
26.8713, 32.4961, 34.3893
59.2224, 5.14894, 27.7092
47.2615, 1.80934, 9.35076
31.3578, 43.687, 7.93388
52.1617, 27.0115, 36.4249
43.5775, 48.9566, 42.4846
63.8007, 32.086, 29.3789
25.5725, 25.4297, 6.20777
38.3338, 54.2343, 4.6547
61.1889, 37.8383, 23.2912
51.9384, 61.7585, 51.8924
55.2685, 53.6377, 4.97995
61.1154, 52.7159, 30.4158
24.0374, 19.22, 19.5024
60.9036, 0.923595, 30.4304
54.0213, 36.0563, 28.0931
33.7729, 53.5783, 48.1706
47.8088, 0.861805, 28.6655
4.27916, 23.9199, 17.7592
61.3723, 50.6049, 58.5966
55.3318, 51.4942, 25.0799
58.1987, 28.7275, 56.4174
37.4373, 60.3292, 46.7041
53.8258, 55.3179, 2.75793
38.73, 39.8874, 60.6087
24.4195, 37.882, 14.2821
14.7228, 14.7144, 44.7841
25.4997, 24.8871, 12.4252
19.8434, 13.8254, 57.7724
33.6166, 4.30662, 27.3478
35.3696, 53.5559, 3.07615
4.31467, 37.2483, 59.5952
9.23637, 1.12174, 1.93147
55.228, 10.7862, 60.5496
31.6954, 62.5103, 25.846
11.9988, 24.4666, 15.9575
35.3817, 45.2957, 5.43879
54.9664, 56.8133, 35.944
52.0969, 43.8604, 32.5385
12.2384, 22.0897, 56.043
25.3126, 8.19891, 56.6088
61.6594, 41.273, 45.0655
44.865, 5.57658, 42.4803
54.6875, 25.703, 40.6821
28.3355, 57.5396, 41.4041
52.3901, 19.0198, 37.4503
19.4761, 14.5637, 20.5843
36.9588, 54.4981, 25.33
6.48233, 12.4065, 61.2571
16.3726, 27.1493, 20.0916
4.42857, 38.6588, 38.3911
41.5377, 7.70074, 35.3374
32.9369, 38.3188, 15.6193
3.88783, 34.913, 58.1575
41.581, 10.2698, 45.0228
42.3516, 60.8897, 28.892
37.0034, 28.7839, 0.488007
37.2107, 9.9684, 62.8802
35.7248, 21.2221, 26.6922
62.5993, 53.4381, 23.2875
58.9138, 42.8093, 24.2699
51.1777, 17.9522, 58.7087
28.8877, 1.30139, 39.707
37.8753, 8.52242, 55.0599
50.0825, 52.4835, 50.1298
42.8335, 19.0104, 34.7158
16.2417, 8.24205, 0.817011
11.4134, 63.9271, 41.8969
49.0878, 55.0926, 19.9457
9.93909, 32.5815, 9.7503
19.9476, 45.1922, 33.0311
16.3113, 48.7334, 57.3737
1.82328, 52.0528, 49.3117
9.85267, 20.944, 51.6658
0.369267, 54.6699, 47.5283
30.3266, 54.1942, 44.7404
18.0736, 5.88725, 36.7025
25.8665, 41.7266, 18.699
14.6007, 49.8831, 27.7052
57.2052, 56.7429, 15.6235
29.1539, 26.2198, 47.6455
57.3348, 31.5314, 13.5516
37.3452, 12.5227, 25.5955
14.2241, 42.8911, 41.4653
22.9919, 44.9012, 29.8005
63.5035, 39.9044, 38.8731
19.5981, 49.1658, 62.0098
0.799051, 51.304, 53.9338
40.9025, 53.1393, 13.0931
38.1955, 57.2419, 34.8842
55.977, 17.8297, 62.61
44.7879, 40.3845, 33.5716
23.3817, 33.9464, 62.1203
33.2192, 12.2018, 1.4151
48.7805, 4.23782, 12.9244
54.8407, 53.1857, 49.7779
31.1697, 63.3469, 42.2632
12.138, 30.7299, 26.2683
22.9769, 20.5442, 14.5193
56.3335, 31.0252, 8.84158
60.9622, 41.6379, 3.46678
1.8456, 21.8034, 51.264
14.5585, 18.2728, 55.6372
2.80478, 12.4538, 1.17251
31.9176, 25.6101, 35.6279
23.7942, 53.1244, 20.6122
54.151, 48.6004, 57.946
17.9695, 19.408, 21.4541
47.3501, 28.5062, 0.625765
31.76, 59.382, 45.243
60.0165, 48.9324, 32.6816
54.2799, 14.9877, 11.4177
9.76184, 47.7448, 62.8844
9.37933, 62.7695, 23.2967
8.2522, 27.8324, 55.7641
54.5617, 9.47523, 28.1956
15.7483, 39.1951, 20.9078
30.2751, 11.0854, 40.9524
0.855243, 47.6302, 0.519111
3.17085, 42.1106, 10.0273
55.1741, 54.7754, 39.4891
8.51915, 46.5626, 11.4585
42.756, 5.3108, 21.0997
49.0458, 31.4956, 16.5786
11.5053, 28.5026, 25.0944
0.929198, 3.26119, 11.4059
31.8999, 9.39539, 36.6681
0.537269, 46.6394, 56.6288
32.2485, 17.1999, 49.9913
33.6707, 57.0627, 22.5855
33.367, 26.9235, 56.5821
27.5071, 56.5242, 54.2078
30.6227, 43.6474, 60.9068
13.2045, 6.06587, 25.785
39.1488, 59.6544, 36.812
25.979, 2.40083, 30.0325
5.63082, 29.0274, 61.1415
12.6268, 32.4725, 21.3684
44.2928, 47.2519, 25.3077
21.1501, 6.94037, 52.7477
45.172, 20.0544, 3.7796
38.4483, 32.9265, 13.5782
51.952, 18.9117, 39.0686
41.428, 24.0081, 57.8006
16.2328, 3.88248, 59.835
39.8824, 32.4856, 4.57092
8.04708, 19.5957, 39.1831
53.6214, 58.7449, 40.1595
59.5213, 47.3839, 56.8287
14.6228, 10.7351, 22.2978
37.5607, 36.9608, 32.4683
5.73712, 57.7355, 20.4205
26.6352, 39.7872, 0.314075
4.37602, 7.55976, 43.2551
40.3081, 5.32238, 61.4296
60.9686, 9.87764, 51.9945
36.3245, 39.299, 29.5859
